Maxent Output/Vulpes_macrotis.asc
ncols         360
nrows         264
xllcorner     -125.000000000003
yllcorner     31.9999999999996
cellsize      0.041666666666667
NODATA_value  -9999
[rows 26 to 51 of 264, columns 300 to 359 of 360]
1.037E-1 1.00658E-1 4.6362E-2 4.60822E-2 4.11611E-2 5.14946E-2 7.6557E-2 1.13261E-1 8.09339E-2 5.36057E-2 5.74564E-2 6.40611E-2 6.21061E-2 8.26195E-2 8.69563E-2 6.86298E-2 5.29746E-2 2.49455E-2 7.91504E-3 5.51149E-3 4.02751E-3 5.22038E-3 7.9454E-3 3.23893E-3 3.19805E-3 5.05914E-3 1.49476E-2 2.70245E-2 5.80803E-2 1.57971E-2 1.8256E-2 1.94105E-2 2.80825E-2 3.0294E-2 4.49208E-2 1.85107E-2 2.36695E-2 1.83164E-2 3.53459E-2 1.90025E-2 2.11675E-2 9.36178E-3 2.61683E-2 3.39294E-2 3.10091E-2 1.87628E-2 1.73321E-2 2.02122E-2 1.38114E-2 1.54059E-2 6.76212E-3 1.09032E-2 1.72396E-2 2.98302E-2 3.98719E-2 4.13324E-2 5.81647E-2 6.21605E-2 6.75341E-2 6.19111E-2
1.17243E-1 1.28793E-1 7.89532E-2 6.24914E-2 6.68406E-2 3.68658E-2 6.36796E-2 1.00684E-1 1.27285E-1 1.26215E-1 5.95225E-2 9.36352E-2 8.35178E-2 7.52033E-2 7.84561E-2 7.1117E-2 5.42276E-2 2.32427E-2 8.33632E-3 4.01751E-3 5.62352E-3 7.96505E-3 7.32202E-3 3.03049E-3 3.01835E-3 5.9909E-3 1.52201E-2 2.28148E-2 4.64758E-2 3.96418E-3 1.5085E-2 2.29431E-2 4.55547E-2 4.80586E-2 2.58354E-2 2.01984E-2 2.03956E-2 2.15213E-2 3.40378E-2 2.42936E-2 3.49764E-2 3.17924E-2 3.05602E-2 2.30407E-2 2.83575E-2 2.33087E-2 1.38954E-2 1.52496E-2 1.43926E-2 9.20929E-3 8.51772E-3 1.4781E-2 2.0733E-2 2.35946E-2 2.99996E-2 3.96429E-2 4.78537E-2 4.96649E-2 5.6582E-2 5.75103E-2
1.33917E-1 1.0552E-1 1.07038E-1 6.48426E-2 8.61166E-2 4.4638E-2 5.10907E-2 9.10766E-2 1.2326E-1 9.99444E-2 1.04706E-1 6.83101E-2 7.68752E-2 7.45574E-2 7.76441E-2 5.97883E-2 5.65366E-2 2.39683E-2 7.82715E-3 6.82358E-3 1.41657E-2 1.25996E-2 8.1257E-3 3.71662E-3 3.49563E-3 3.49366E-3 1.09923E-2 1.59059E-2 8.89956E-3 3.44527E-3 1.21706E-2 2.90406E-2 4.72536E-2 3.27805E-2 2.10405E-2 2.36909E-2 1.51615E-2 1.98485E-2 1.87827E-2 3.22982E-2 1.74101E-2 1.66121E-2 1.5051E-2 9.92585E-3 1.69257E-2 2.0347E-2 1.75011E-2 2.00174E-2 1.52383E-2 7.45885E-3 1.06078E-2 1.56349E-2 2.12171E-2 2.25625E-2 3.1034E-2 3.34229E-2 3.37182E-2 4.27233E-2 4.48633E-2 5.01168E-2
1.57972E-1 1.11619E-1 1.33065E-1 6.48428E-2 8.83236E-2 1.36239E-1 4.36406E-2 8.86805E-2 1.3667E-1 1.26115E-1 5.99185E-2 6.56894E-2 7.52418E-2 7.79785E-2 7.0815E-2 8.75827E-2 6.03459E-2 2.03591E-2 1.74506E-2 1.5577E-2 1.6227E-2 1.32967E-2 6.74674E-3 4.39547E-3 4.07474E-3 3.20648E-3 6.31598E-3 4.89617E-3 3.59383E-3 2.87324E-3 2.99631E-2 3.56607E-2 3.97573E-2 2.45756E-2 2.06269E-2 2.11368E-2 2.46859E-2 3.62137E-2 2.60357E-2 2.0288E-2 2.19913E-2 2.86087E-2 2.66992E-2 1.93247E-2 2.33344E-2 2.11122E-2 1.82272E-2 1.61296E-2 1.16023E-2 1.06433E-2 1.36978E-2 1.83951E-2 1.9106E-2 2.32334E-2 2.68701E-2 3.77983E-2 3.22018E-2 3.58131E-2 4.17828E-2 4.42966E-2
1.41622E-1 1.28351E-1 1.28486E-1 8.78575E-2 1.22289E-1 1.55261E-1 1.05955E-1 1.29561E-1 1.48192E-1 1.06221E-1 2.28275E-2 3.92258E-2 7.38762E-2 9.25172E-2 6.85426E-2 6.75976E-2 5.64016E-2 1.71991E-2 1.11371E-2 5.88642E-3 9.35131E-3 8.04947E-3 6.0355E-3 5.90148E-3 4.71527E-3 3.72156E-3 3.02881E-3 2.96678E-3 2.92688E-3 2.08856E-2 3.76618E-2 4.6844E-2 2.79322E-2 2.49863E-2 2.41456E-2 2.46539E-2 2.30134E-2 3.54944E-2 3.05254E-2 1.79923E-2 1.75105E-2 2.95803E-2 3.82751E-2 2.04829E-2 3.53225E-2 1.79396E-2 1.65513E-2 8.20891E-3 9.51663E-3 9.52429E-3 1.40879E-2 1.60781E-2 1.86721E-2 1.79892E-2 1.84437E-2 2.5387E-2 3.49141E-2 3.6077E-2 4.07397E-2 4.3809E-2
1.48433E-1 1.37222E-1 9.61316E-2 7.01106E-2 1.14899E-1 1.7524E-1 1.6593E-1 1.55796E-1 1.57308E-1 1.28798E-1 2.689E-2 9.61418E-3 4.53565E-2 7.13729E-2 6.85207E-2 6.81678E-2 3.98466E-2 1.08869E-2 4.21436E-3 4.80147E-3 1.08077E-2 9.39406E-3 6.71766E-3 6.50458E-3 4.61848E-3 3.85708E-3 2.98867E-3 2.63613E-3 2.23067E-3 2.32447E-2 4.04104E-2 4.1048E-2 2.72966E-2 2.62111E-2 2.37984E-2 2.02767E-2 2.52849E-2 3.25845E-2 1.92444E-2 1.59217E-2 2.51652E-2 2.98925E-2 3.36615E-2 3.0095E-2 2.80663E-2 1.49654E-2 1.11402E-2 1.45736E-2 1.06188E-2 1.34745E-2 1.79466E-2 1.78969E-2 1.99797E-2 2.33347E-2 2.12081E-2 2.22744E-2 2.67162E-2 3.31272E-2 3.77416E-2 3.75945E-2
1.62486E-1 1.52223E-1 1.49995E-1 1.10439E-1 1.51353E-1 1.86275E-1 1.47131E-1 1.52645E-1 1.42482E-1 1.00506E-1 5.93116E-2 2.81467E-3 1.48633E-2 5.67476E-2 6.18918E-2 5.74868E-2 4.34645E-2 1.04834E-2 9.75057E-3 1.00219E-2 1.03279E-2 1.03569E-2 8.16111E-3 6.22545E-3 4.52607E-3 3.17162E-3 3.00762E-3 2.86749E-3 3.36992E-3 2.64436E-2 4.53668E-2 3.22806E-2 2.96027E-2 1.15378E-2 1.76818E-2 3.1015E-2 2.47625E-2 1.0556E-2 8.82799E-3 1.67888E-2 2.73143E-2 2.69425E-2 2.42965E-2 2.12956E-2 2.78064E-2 1.26364E-2 1.13692E-2 1.58517E-2 9.65887E-3 1.13558E-2 1.66947E-2 1.7163E-2 2.33258E-2 2.487E-2 2.73235E-2 2.49548E-2 2.99788E-2 3.43074E-2 3.63465E-2 3.65349E-2
1.46867E-1 1.91482E-1 1.91491E-1 1.84172E-1 2.14448E-1 1.44497E-1 1.23868E-1 1.14358E-1 1.10217E-1 1.1059E-1 9.3702E-2 9.96374E-3 1.14364E-2 3.19091E-2 3.90497E-2 3.28706E-2 2.1546E-2 7.86008E-3 6.60486E-3 7.39004E-3 8.3943E-3 1.21209E-2 1.75455E-2 7.15275E-3 3.88596E-3 3.6323E-3 3.84424E-3 2.6814E-3 4.77111E-3 2.84419E-2 3.12095E-2 2.50839E-2 2.92824E-2 3.7905E-2 2.14603E-2 2.13891E-2 1.65841E-2 1.19313E-2 1.05446E-2 1.29096E-2 2.92057E-2 2.22929E-2 2.61008E-2 1.87212E-2 2.30962E-2 1.94392E-2 1.07208E-2 1.07425E-2 1.10946E-2 1.29896E-2 1.76287E-2 1.68679E-2 2.04285E-2 2.18305E-2 2.53669E-2 2.81436E-2 3.18487E-2 3.62558E-2 3.61633E-2 3.51677E-2
2.49627E-1 2.43907E-1 2.48277E-1 2.41851E-1 1.92771E-1 1.81555E-1 1.62736E-1 1.5306E-1 1.18683E-1 1.12804E-1 9.00647E-2 4.51768E-2 9.31892E-3 1.28258E-2 1.59292E-2 2.34461E-2 1.93562E-2 8.24775E-3 8.33775E-3 4.87274E-3 8.55523E-3 8.90829E-3 1.51628E-2 6.33232E-3 4.87047E-3 4.81911E-3 3.30512E-3 3.26663E-3 3.02712E-3 3.28608E-3 3.59259E-2 3.24639E-2 1.30661E-2 2.10679E-2 1.49191E-2 1.79572E-2 2.03776E-2 1.87651E-2 9.47638E-3 1.41261E-2 2.25771E-2 1.93978E-2 2.34269E-2 2.39566E-2 9.79781E-3 1.05068E-2 9.60934E-3 1.24018E-2 1.35341E-2 1.41558E-2 1.64637E-2 1.57912E-2 2.41964E-2 2.56093E-2 2.34965E-2 2.89259E-2 3.03967E-2 3.20998E-2 3.21888E-2 3.3729E-2
2.27365E-1 2.19918E-1 2.72035E-1 2.67921E-1 1.88322E-1 1.89373E-1 1.46379E-1 1.31941E-1 1.25424E-1 1.00806E-1 8.06022E-2 6.69177E-2 1.64242E-2 1.3818E-2 8.30807E-3 1.02851E-2 1.22092E-2 6.9684E-3 5.62719E-3 5.8268E-3 6.56624E-3 8.27344E-3 9.09336E-3 4.93524E-3 3.09239E-3 4.45017E-3 4.51832E-3 3.12446E-3 2.90302E-3 3.67978E-3 3.68715E-2 2.43718E-2 1.53043E-2 1.27294E-2 1.19288E-2 1.31754E-2 1.38356E-2 1.57816E-2 1.4362E-2 1.33088E-2 1.47904E-2 2.77903E-2 1.79883E-2 1.91771E-2 1.04223E-2 9.9365E-3 1.14607E-2 9.27141E-3 9.26665E-3 1.42537E-2 1.53509E-2 1.47738E-2 1.80045E-2 1.87104E-2 2.14765E-2 2.28299E-2 2.56734E-2 2.60967E-2 2.58147E-2 2.4172E-2
1.24913E-1 2.36241E-1 2.46534E-1 2.27141E-1 2.18657E-1 1.63556E-1 1.50162E-1 1.43677E-1 1.06623E-1 1.01671E-1 9.73154E-2 5.57017E-2 7.55751E-3 1.07383E-2 4.59363E-3 5.92221E-3 7.88669E-3 5.00951E-3 3.60045E-3 4.45151E-3 7.47428E-3 8.03518E-3 8.18419E-3 3.90026E-3 2.268E-3 4.68431E-3 4.98791E-3 3.18787E-3 3.56312E-3 6.28484E-3 2.92158E-2 4.14629E-2 1.93672E-2 2.19635E-2 1.79065E-2 1.43515E-2 2.49467E-2 2.85815E-2 2.67241E-2 1.39519E-2 2.02149E-2 2.87228E-2 1.98165E-2 1.76034E-2 9.11832E-3 1.49446E-2 1.06927E-2 7.8502E-3 9.22877E-3 1.29033E-2 1.26095E-2 1.43231E-2 1.38964E-2 1.6736E-2 1.95461E-2 1.95474E-2 1.97472E-2 1.77251E-2 1.58238E-2 1.53529E-2
1.08481E-1 2.69309E-1 2.8984E-1 1.88756E-1 2.41858E-1 2.09632E-1 1.7841E-1 1.36651E-1 1.33193E-1 1.22007E-1 8.81854E-2 2.33282E-2 3.13968E-3 3.1828E-3 4.77409E-3 4.72603E-3 4.8673E-3 4.10622E-3 2.19689E-3 3.19275E-3 4.37671E-3 5.96531E-3 5.78184E-3 2.54161E-3 2.72822E-3 5.73367E-3 4.70218E-3 4.02823E-3 3.39869E-3 3.8315E-3 3.07769E-2 3.95723E-2 2.43075E-2 1.89345E-2 1.89091E-2 1.39984E-2 1.64667E-2 2.54959E-2 1.25277E-2 1.64784E-2 2.43998E-2 2.18465E-2 1.548E-2 1.32024E-2 8.82321E-3 1.49811E-2 8.41963E-3 9.28786E-3 1.0241E-2 1.20231E-2 1.19836E-2 1.15352E-2 1.17868E-2 1.68396E-2 1.68344E-2 1.78943E-2 1.8188E-2 1.38518E-2 1.24822E-2 1.45084E-2
6.53946E-2 2.07264E-1 2.18201E-1 2.08339E-1 2.07613E-1 1.89682E-1 1.77716E-1 1.37958E-1 1.45025E-1 1.05581E-1 1.11647E-1 2.53536E-2 1.03241E-3 3.40219E-3 3.89299E-3 5.19557E-3 2.44251E-3 1.90908E-3 2.66199E-3 3.13619E-3 3.16993E-3 5.46606E-3 6.2205E-3 3.08569E-3 2.96612E-3 3.96671E-3 6.55799E-3 4.77014E-3 4.26446E-3 4.22442E-3 4.54969E-2 5.22544E-2 2.66406E-2 2.20247E-2 1.60228E-2 2.03388E-2 2.09465E-2 2.28743E-2 1.20372E-2 1.7152E-2 1.88317E-2 2.53014E-2 2.7803E-2 1.19674E-2 1.45912E-2 1.17196E-2 8.28943E-3 9.4857E-3 9.54477E-3 8.2539E-3 7.28929E-3 1.19849E-2 1.32846E-2 1.48229E-2 1.62078E-2 1.74753E-2 1.48982E-2 1.14586E-2 1.19311E-2 1.15384E-2
1.58293E-1 1.87002E-1 2.1701E-1 2.07066E-1 1.54014E-1 1.56324E-1 1.40098E-1 1.34625E-1 1.23129E-1 1.18009E-1 1.11065E-1 5.57066E-2 5.6263E-3 2.13918E-3 7.4218E-3 8.77765E-3 2.81642E-3 1.44648E-3 1.32747E-3 5.19898E-3 3.69536E-3 5.12911E-3 6.09576E-3 5.3636E-3 4.28374E-3 3.98039E-3 5.32152E-3 6.20934E-3 4.11934E-3 4.04352E-3 4.00434E-2 4.41345E-2 4.13099E-2 3.16946E-2 3.48669E-2 2.15116E-2 1.91512E-2 2.30712E-2 2.71416E-3 1.75015E-2 1.78484E-2 2.61552E-2 1.22243E-2 1.17256E-2 1.83024E-2 1.22672E-2 1.0169E-2 1.36499E-2 1.00384E-2 6.41924E-3 8.68499E-3 1.02425E-2 1.29944E-2 1.26123E-2 1.41216E-2 1.59354E-2 1.23354E-2 1.02336E-2 1.00703E-2 1.00507E-2
2.26785E-1 6.93774E-2 1.89769E-1 1.60434E-1 1.51865E-1 1.26764E-1 1.5768E-1 1.3871E-1 1.25388E-1 1.18674E-1 1.12827E-1 1.06071E-1 8.20025E-2 2.16287E-2 3.21901E-3 1.42227E-2 1.40758E-2 4.58237E-3 4.13384E-3 4.0895E-3 4.88059E-3 7.66333E-3 6.05947E-3 6.31974E-3 4.60484E-3 4.38656E-3 6.91644E-3 5.34906E-3 4.6905E-3 4.26951E-3 2.65189E-2 3.23596E-2 3.56484E-2 2.44739E-2 2.40129E-2 2.66246E-2 3.11632E-2 1.75658E-2 2.62694E-2 1.4646E-2 1.98229E-2 2.72375E-2 1.45632E-2 2.23761E-2 1.57644E-2 1.39383E-2 1.92359E-2 1.81961E-2 1.47678E-2 9.03434E-3 8.95139E-3 9.76185E-3 9.81457E-3 1.19222E-2 1.27029E-2 1.21572E-2 1.17566E-2 1.03341E-2 1.02535E-2 1.14297E-2
1.84611E-1 7.4083E-2 1.97414E-1 1.77393E-1 1.70878E-1 1.42365E-1 1.47731E-1 1.2975E-1 1.23208E-1 1.19591E-1 1.15756E-1 1.17661E-1 1.11589E-1 1.89532E-2 2.80236E-3 5.16463E-3 1.97979E-2 1.77444E-2 6.92613E-3 3.65072E-3 5.79467E-3 4.59857E-3 5.57287E-3 6.79338E-3 5.76586E-3 4.83592E-3 6.80064E-3 5.88195E-3 5.24244E-3 4.14499E-3 5.67361E-3 5.82466E-3 2.52569E-2 2.46068E-2 2.61424E-2 2.99847E-2 2.69361E-2 2.57125E-2 3.01915E-2 2.19278E-2 1.84382E-2 2.36881E-2 3.41064E-2 3.41362E-2 2.06228E-2 2.20066E-2 3.4539E-2 3.6132E-2 1.44152E-2 1.07597E-2 1.05364E-2 8.06812E-3 9.3616E-3 1.20009E-2 1.25712E-2 1.13212E-2 1.04482E-2 1.09734E-2 1.16878E-2 1.38122E-2
2.4388E-1 2.24837E-1 1.86301E-1 1.83466E-1 1.66219E-1 1.46388E-1 1.55795E-1 1.48526E-1 1.4414E-1 1.24197E-1 1.14817E-1 1.1695E-1 1.08396E-1 4.88305E-2 5.23564E-3 3.57625E-3 5.85406E-3 9.0083E-3 7.4659E-3 3.81993E-3 4.1591E-3 1.88405E-3 1.78078E-3 2.33548E-3 3.8187E-3 8.31844E-3 8.6232E-3 7.41116E-3 6.22455E-3 4.73067E-3 4.61931E-3 5.76966E-3 6.53745E-3 3.13674E-2 3.23649E-2 3.29987E-2 3.10935E-2 2.77209E-2 3.24502E-2 2.30332E-2 1.75311E-2 2.34027E-2 2.68598E-2 2.95131E-2 3.57902E-2 3.36467E-2 2.88779E-2 2.81723E-2 3.5616E-2 2.08649E-2 1.59782E-2 1.55725E-2 1.03852E-2 1.06147E-2 9.95932E-3 9.48203E-3 9.33242E-3 9.88415E-3 1.05781E-2 1.00688E-2
2.72501E-1 2.00682E-1 1.96012E-1 1.54236E-1 1.71214E-1 1.67475E-1 1.5886E-1 1.46084E-1 1.42027E-1 1.39559E-1 1.19965E-1 1.03995E-1 9.77738E-2 3.51878E-2 1.61656E-3 1.78862E-3 6.41572E-3 6.19656E-3 3.63831E-3 3.45461E-3 4.60451E-3 3.45543E-3 1.35672E-3 3.76233E-3 7.6443E-3 9.90755E-3 1.50341E-2 8.39198E-3 6.19027E-3 6.10596E-3 6.0015E-3 7.00899E-3 7.31305E-3 2.26197E-2 1.57326E-2 1.95644E-2 1.74948E-2 1.55638E-2 2.5177E-2 2.72746E-2 1.90365E-2 1.58842E-2 2.4168E-2 3.07662E-2 3.17728E-2 3.00268E-2 2.1059E-2 2.59459E-2 4.61017E-2 3.23262E-2 2.84525E-2 1.66201E-2 1.74184E-2 1.75419E-2 9.07603E-3 8.6053E-3 9.09481E-3 8.86521E-3 9.97342E-3 1.12166E-2
2.81706E-1 2.42571E-1 1.71301E-1 1.92388E-1 1.70493E-1 1.67257E-1 1.57897E-1 1.56087E-1 1.40797E-1 1.42876E-1 1.39148E-1 1.19733E-1 1.05946E-1 8.11091E-2 1.50669E-2 7.74723E-3 1.48494E-2 1.56232E-2 4.05697E-3 1.7078E-3 1.87461E-3 1.63471E-3 2.17489E-3 6.75034E-3 1.26779E-2 1.8351E-2 1.07463E-2 9.62825E-3 8.58417E-3 6.6183E-3 5.34938E-3 8.83861E-3 3.77363E-2 2.41731E-2 6.21152E-3 1.82552E-2 1.77283E-2 1.95985E-2 2.02699E-2 1.91776E-2 2.26925E-2 2.00261E-2 2.00522E-2 2.02805E-2 1.96135E-2 1.26139E-2 1.62836E-2 2.22531E-2 2.32248E-2 4.23121E-2 3.54135E-2 3.51597E-2 4.14361E-2 4.82053E-2 3.12333E-2 1.84469E-2 3.64551E-2 3.11199E-2 1.81158E-2 3.35529E-2
2.5377E-1 2.72768E-1 2.39838E-1 2.13914E-1 1.96035E-1 1.88693E-1 1.77446E-1 1.52519E-1 1.46741E-1 1.46068E-1 1.39414E-1 1.18852E-1 1.07558E-1 7.75201E-2 1.50474E-2 1.3362E-3 5.75895E-3 1.39602E-2 8.05453E-3 3.51913E-3 1.25645E-3 4.72622E-3 6.22195E-3 9.71643E-3 1.64691E-2 1.05212E-2 9.51374E-3 1.01521E-2 8.87869E-3 8.07517E-3 1.13976E-2 1.39115E-2 9.65527E-3 5.18381E-3 5.20348E-3 5.80599E-3 4.87431E-3 4.76006E-3 1.50485E-2 1.75577E-2 1.40385E-2 1.65775E-2 1.32852E-2 1.21022E-2 1.04818E-2 3.27856E-3 1.1748E-2 1.22543E-2 1.55285E-2 2.53822E-2 2.14217E-2 1.72269E-2 2.39343E-2 4.46629E-2 3.39937E-2 5.04262E-2 3.09881E-2 5.09543E-2 4.53926E-2 3.85181E-2
2.60028E-1 2.19502E-1 2.28699E-1 2.24096E-1 2.12472E-1 1.996E-1 1.87956E-1 1.75102E-1 1.77009E-1 1.56938E-1 1.51721E-1 1.36751E-1 1.21003E-1 1.07716E-1 1.83375E-2 1.12881E-3 2.90421E-3 6.61668E-3 1.19641E-2 7.92952E-3 3.7411E-3 6.16669E-3 9.6733E-3 1.96514E-2 1.32894E-2 8.2238E-3 7.15459E-3 1.16418E-2 1.73627E-2 1.2537E-2 1.23753E-2 7.29572E-3 5.37686E-3 5.73554E-3 4.75605E-3 4.6185E-3 4.76791E-3 4.2851E-3 4.19133E-3 4.87404E-3 4.02207E-3 4.0924E-3 3.19755E-3 3.06356E-3 2.90967E-3 2.76402E-3 2.71319E-3 2.84922E-3 1.3339E-2 2.99052E-3 1.30726E-2 1.07262E-2 1.1829E-2 1.38825E-2 2.68159E-2 5.21073E-2 4.1955E-2 2.59945E-2 2.81005E-2 2.53884E-2
2.92727E-1 2.50189E-1 2.33839E-1 2.27813E-1 2.19015E-1 2.12241E-1 1.78206E-1 1.92395E-1 1.79829E-1 1.58649E-1 1.56248E-1 1.51511E-1 1.34888E-1 1.18929E-1 4.09015E-2 2.22522E-3 1.89685E-3 5.63544E-3 7.76599E-3 1.03201E-2 5.7156E-3 5.06893E-3 5.08273E-3 1.52289E-2 2.03568E-2 1.10009E-2 1.29984E-2 1.51756E-2 1.07224E-2 1.0394E-2 7.20432E-3 6.9026E-3 7.2042E-3 6.32343E-3 4.80078E-3 4.53772E-3 4.29084E-3 4.29228E-3 3.48821E-3 4.16956E-3 3.82459E-3 3.13989E-3 3.13197E-3 2.94828E-3 2.73673E-3 2.71927E-3 2.25252E-3 2.04195E-3 2.46454E-3 1.93905E-3 2.61134E-3 2.16854E-3 2.1025E-3 1.2601E-2 2.99166E-2 4.16879E-2 6.17389E-2 5.63807E-2 2.91041E-2 1.58952E-2
2.59919E-1 2.52792E-1 2.37617E-1 2.50669E-1 2.44697E-1 2.22203E-1 1.51252E-1 1.86292E-1 2.01864E-1 1.99638E-1 1.7073E-1 1.75242E-1 1.43332E-1 1.33104E-1 1.0952E-1 5.10843E-3 1.78207E-3 3.32409E-3 5.12245E-3 9.23373E-3 5.54499E-3 2.43787E-3 5.38376E-3 1.2103E-2 1.90836E-2 2.54808E-2 2.44948E-2 1.5457E-2 1.20045E-2 9.6576E-3 1.09708E-2 8.16177E-3 9.01792E-3 5.77786E-3 5.38008E-3 5.39091E-3 4.31589E-3 4.80776E-3 4.8799E-3 3.94149E-3 3.99033E-3 3.54471E-3 2.66316E-3 2.42657E-3 2.40355E-3 2.51901E-3 2.34896E-3 2.05375E-3 2.49189E-3 1.91011E-3 2.12428E-3 1.83086E-3 2.44211E-3 1.24256E-2 1.71286E-2 2.34376E-2 3.76767E-2 2.74122E-2 3.53436E-2 6.35004E-2
2.68048E-1 2.85445E-1 2.68492E-1 2.59673E-1 2.57788E-1 2.58915E-1 1.73846E-1 1.64961E-1 2.08913E-1 2.0998E-1 2.03773E-1 1.70859E-1 1.48219E-1 1.39245E-1 1.13276E-1 1.55294E-2 1.83041E-3 3.26018E-3 4.93778E-3 4.4847E-3 6.95073E-3 5.56352E-3 6.9926E-3 6.63689E-3 9.21139E-3 2.10278E-2 2.99532E-2 2.57852E-2 1.48409E-2 1.91238E-2 1.09947E-2 9.45457E-3 7.61264E-3 6.42855E-3 7.38296E-3 6.7181E-3 5.49704E-3 5.96327E-3 4.3983E-3 4.71202E-3 4.16138E-3 4.32722E-3 2.91037E-3 2.46086E-3 2.30214E-3 2.17532E-3 2.20496E-3 2.03713E-3 1.72659E-3 1.78654E-3 1.90714E-3 1.86622E-3 1.84417E-3 1.67665E-3 9.20147E-3 1.03452E-2 1.14368E-2 8.86387E-3 1.27001E-2 1.48858E-2
2.67228E-1 2.93015E-1 2.82137E-1 2.72249E-1 2.67304E-1 2.62679E-1 2.43977E-1 1.8908E-1 2.50576E-1 2.14893E-1 2.05448E-1 1.87914E-1 1.53992E-1 1.46923E-1 1.17655E-1 4.395E-2 4.28303E-3 1.88808E-3 2.99981E-3 2.20046E-3 3.14717E-3 6.55309E-3 7.697E-3 3.48796E-3 4.30902E-3 1.64337E-2 4.0894E-2 2.24298E-2 1.39223E-2 1.1381E-2 1.16527E-2 8.76708E-3 8.22729E-3 9.32796E-3 8.08488E-3 2.97382E-3 2.12252E-3 5.67852E-3 4.13021E-3 4.51881E-3 4.49532E-3 3.16829E-3 3.00154E-3 2.75524E-3 2.34255E-3 2.11696E-3 2.00973E-3 1.97687E-3 1.70397E-3 1.61989E-3 1.51609E-3 1.49915E-3 1.1814E-3 1.3362E-3 1.49584E-3 1.35003E-3 1.38086E-3 1.78183E-3 1.95058E-3 1.67191E-3
2.84857E-1 2.97041E-1 2.85668E-1 2.89781E-1 2.88849E-1 2.88502E-1 2.67984E-1 2.54756E-1 2.54931E-1 2.4215E-1 2.11636E-1 1.81717E-1 1.77998E-1 1.54706E-1 1.15803E-1 2.27041E-2 4.70813E-3 1.48008E-3 1.56045E-3 2.0076E-3 2.18799E-3 6.25821E-3 7.10513E-3 1.97132E-3 1.3225E-3 3.2849E-3 4.43417E-2 2.03466E-2 9.33639E-3 5.94625E-3 1.15147E-2 1.11864E-2 3.28994E-3 1.69985E-3 1.49285E-3 1.34508E-3 1.37655E-3 5.17255E-3 5.10283E-3 5.32092E-3 4.01897E-3 3.47199E-3 3.0047E-3 2.33973E-3 1.95499E-3 1.83119E-3 1.84974E-3 1.70016E-3 1.22129E-3 1.2941E-3 1.2803E-3 9.79017E-4 9.30615E-4 9.35734E-4 9.70885E-4 7.57057E-4 7.95263E-4 1.07742E-3 9.73594E-4 1.25918E-3
