Maxent Output/Vulpes_macrotis.asc
ncols         360
nrows         264
xllcorner     -125.000000000003
yllcorner     31.9999999999996
cellsize      0.041666666666667
NODATA_value  -9999
[rows 0 to 25 of 264, columns 0 to 59 of 360]
-9999 -9999 -9999 -9999 -9999 -9999 -9999 -9999 -9999 -9999 -9999 -9999 8.65317E-6 1.01384E-5 1.4497E-5 1.68384E-5 2.37146E-5 2.55004E-5 3.32352E-5 4.23102E-5 6.05579E-5 6.80316E-5 8.19497E-5 1.10546E-4 1.26057E-4 1.17561E-4 1.21385E-4 1.95353E-4 1.35912E-4 1.70117E-4 2.43737E-4 2.42841E-4 1.84787E-4 3.3546E-4 4.88078E-4 6.05432E-4 6.09453E-4 2.91813E-4 8.43667E-4 3.39235E-3 3.82643E-3 1.9845E-3 3.40342E-3 4.14034E-3 3.77247E-3 2.58806E-3 1.60791E-3 1.64793E-3 1.7172E-3 9.42795E-4 2.31488E-3 2.58164E-3 9.21377E-4 8.6741E-4 1.70603E-3 2.12477E-3 1.13633E-3 3.8206E-4 4.23682E-4 3.92599E-4
-9999 -9999 -9999 -9999 -9999 -9999 -9999 -9999 -9999 -9999 -9999 -9999 7.65701E-6 1.05256E-5 1.31239E-5 1.62691E-5 2.0121E-5 2.69452E-5 3.41813E-5 4.32768E-5 5.80896E-5 7.04227E-5 7.97304E-5 1.08391E-4 1.0747E-4 9.70621E-5 6.95639E-5 8.06401E-5 1.495E-4 1.27147E-4 2.52346E-4 2.61165E-4 2.19614E-4 2.49013E-4 2.92468E-4 7.6197E-4 9.99371E-4 1.69348E-3 3.46342E-3 4.62535E-3 4.80368E-3 5.42501E-3 3.29686E-3 3.0823E-3 4.09909E-3 4.63839E-3 4.00377E-3 3.69037E-3 2.95408E-3 3.49213E-3 1.94159E-3 1.64321E-3 2.40616E-3 5.89332E-4 7.2973E-4 9.51287E-4 4.6695E-4 1.35528E-4 7.76112E-5 2.05775E-4
-9999 -9999 -9999 -9999 -9999 -9999 -9999 -9999 -9999 -9999 -9999 6.11558E-6 7.136E-6 9.88864E-6 1.40706E-5 1.61357E-5 1.98872E-5 2.24375E-5 2.97138E-5 3.85757E-5 4.75781E-5 6.51483E-5 1.00474E-4 9.24022E-5 7.8929E-5 3.8037E-5 4.93047E-5 3.78598E-5 5.1412E-5 1.08759E-4 1.52437E-4 1.43844E-4 1.92565E-4 4.69815E-4 8.74084E-4 9.12962E-4 9.15405E-4 1.14078E-3 1.60719E-3 1.49102E-3 1.08162E-3 2.00278E-3 2.34359E-3 1.51172E-3 2.19744E-3 1.9277E-3 3.14339E-3 2.37591E-3 2.09745E-3 3.34709E-3 2.81777E-3 1.0613E-3 6.20423E-4 8.97472E-4 4.49345E-4 1.52464E-4 1.52856E-4 7.14086E-5 2.68747E-4 9.73668E-4
-9999 -9999 -9999 -9999 -9999 -9999 -9999 -9999 -9999 -9999 4.69204E-6 6.1416E-6 6.44389E-6 9.90393E-6 1.13619E-5 1.34596E-5 1.68513E-5 2.28347E-5 3.08495E-5 3.83268E-5 4.32699E-5 5.72719E-5 7.9263E-5 7.49716E-5 4.2283E-5 2.88073E-5 2.64507E-5 4.78332E-5 9.20123E-5 1.35982E-4 2.03336E-4 1.66911E-4 2.18827E-4 4.80372E-4 6.20179E-4 7.10588E-4 7.70906E-4 9.83382E-4 5.73608E-4 7.1275E-4 1.40793E-3 2.13051E-3 1.60578E-3 1.40536E-3 1.13858E-3 1.26146E-3 1.56343E-3 1.1513E-3 1.27768E-3 2.23634E-3 3.578E-3 3.19604E-3 4.80359E-4 3.14525E-4 4.13031E-4 7.28301E-4 7.51732E-4 4.29836E-4 4.45914E-4 1.19868E-3
-9999 -9999 -9999 -9999 -9999 -9999 -9999 -9999 -9999 -9999 5.1832E-6 6.04326E-6 6.65101E-6 8.32441E-6 1.03369E-5 1.41511E-5 1.80234E-5 2.06873E-5 2.92521E-5 3.68388E-5 4.56386E-5 3.10522E-5 4.66986E-5 7.96812E-5 3.4559E-5 3.481E-5 4.5883E-5 7.21155E-5 6.42728E-5 9.29653E-5 1.75185E-4 2.72625E-4 4.01803E-4 6.54017E-4 6.63227E-4 5.92441E-4 8.52143E-4 5.455E-4 8.46071E-4 1.13741E-3 1.03125E-3 1.67737E-3 2.59795E-3 2.38803E-3 1.63784E-3 2.0848E-3 2.81741E-3 1.59274E-3 9.77558E-4 7.58832E-4 7.93713E-4 2.33252E-3 1.85129E-3 5.81522E-4 8.84202E-4 2.01834E-3 1.95655E-3 1.66626E-3 6.48487E-4 1.0021E-3
-9999 -9999 -9999 -9999 -9999 -9999 -9999 -9999 -9999 -9999 -9999 5.82361E-6 5.6905E-6 7.70713E-6 1.17123E-5 1.26452E-5 1.76403E-5 2.1878E-5 2.59067E-5 2.55946E-5 2.2179E-5 3.40121E-5 5.89626E-5 3.6537E-5 2.66651E-5 4.03603E-5 5.35479E-5 7.04571E-5 8.02076E-5 8.81466E-5 8.36692E-5 1.58856E-4 3.17016E-4 5.65791E-4 8.07294E-4 9.74425E-4 6.16294E-4 1.08617E-3 1.79496E-3 2.28337E-3 2.53003E-3 3.18876E-3 2.19621E-3 2.07679E-3 5.72763E-4 6.41925E-4 1.93308E-3 6.36536E-4 7.02985E-4 3.37272E-4 4.77051E-4 8.62183E-4 5.864E-4 7.85525E-4 2.22278E-3 3.55179E-3 3.15202E-3 1.75079E-3 7.65813E-4 1.16819E-3
-9999 -9999 -9999 -9999 -9999 -9999 -9999 -9999 -9999 -9999 -9999 5.11714E-6 6.32349E-6 6.98132E-6 9.11666E-6 1.38322E-5 1.55759E-5 2.1252E-5 2.29666E-5 2.10215E-5 1.49598E-5 2.02211E-5 4.79566E-5 3.43898E-5 2.89294E-5 4.74304E-5 1.42091E-4 1.63758E-4 1.31857E-4 1.43521E-4 1.30352E-4 1.02852E-4 2.173E-4 3.01182E-4 3.31253E-4 9.76587E-4 1.33748E-3 1.5779E-3 2.16559E-3 2.25352E-3 2.13545E-3 1.68764E-3 8.82658E-4 5.51103E-4 7.90204E-4 1.7746E-3 6.31766E-4 6.31229E-4 6.29493E-4 1.02848E-3 2.89561E-3 3.47443E-3 2.26713E-3 2.89339E-3 4.8761E-3 3.23853E-3 3.02772E-3 1.52015E-3 2.66162E-3 2.74317E-3
-9999 -9999 -9999 -9999 -9999 -9999 -9999 -9999 -9999 -9999 -9999 -9999 -9999 6.81189E-6 9.0124E-6 1.24481E-5 1.50106E-5 1.68382E-5 1.4733E-5 1.91718E-5 9.7168E-6 1.98357E-5 3.78047E-5 3.10104E-5 7.13881E-5 1.09717E-4 1.20441E-4 1.05043E-4 1.99962E-4 2.18928E-4 2.99644E-4 2.05717E-4 4.69874E-4 4.40573E-4 5.52011E-4 1.15522E-3 1.36842E-3 1.74681E-3 2.49523E-3 2.60844E-3 2.57135E-3 9.80118E-4 3.17676E-4 9.79342E-4 1.26568E-3 3.92075E-3 2.60817E-3 1.60132E-3 1.38886E-3 3.00872E-3 5.3129E-3 8.28517E-3 4.02884E-3 4.09454E-3 7.90445E-3 5.0586E-3 7.3777E-3 4.52864E-3 1.35066E-3 1.11337E-3
-9999 -9999 -9999 -9999 -9999 -9999 -9999 -9999 -9999 -9999 -9999 -9999 -9999 -9999 6.76142E-6 1.03547E-5 1.45526E-5 1.43594E-5 2.20593E-5 1.756E-5 1.28427E-5 2.65876E-5 4.30834E-5 6.22031E-5 6.90459E-5 5.78437E-5 5.88314E-5 4.12972E-5 4.00028E-5 1.26725E-4 3.38543E-4 4.3097E-4 5.71642E-4 7.91443E-4 1.11865E-3 1.50036E-3 1.84331E-3 2.42425E-3 3.13371E-3 3.42709E-3 3.35376E-3 1.52214E-3 2.03212E-3 2.17301E-3 4.59547E-3 3.25141E-3 6.97755E-3 3.64629E-3 2.43526E-3 7.45889E-3 2.92169E-3 7.61904E-3 1.37159E-2 9.12575E-3 7.60146E-3 1.02306E-2 3.68755E-3 2.2284E-3 1.11311E-3 7.78887E-4
-9999 -9999 -9999 -9999 -9999 -9999 -9999 -9999 -9999 -9999 -9999 -9999 -9999 -9999 5.56364E-6 7.97618E-6 9.84694E-6 1.37178E-5 1.95317E-5 2.44617E-5 1.98945E-5 2.32974E-5 3.96533E-5 3.89759E-5 6.45062E-5 5.63317E-5 3.08877E-5 2.61738E-5 3.51478E-5 9.4178E-5 2.28873E-4 3.99709E-4 1.90353E-4 8.09152E-4 9.53446E-4 8.14197E-4 1.52351E-3 2.18539E-3 2.80498E-3 2.59252E-3 3.10205E-3 1.34109E-3 2.06518E-3 7.16761E-3 8.93755E-3 4.83455E-3 4.56927E-3 9.41534E-3 9.20571E-3 1.13606E-2 5.40919E-3 1.53258E-2 1.81913E-2 9.79658E-3 8.91711E-3 9.70844E-3 7.39043E-3 4.47469E-3 1.6714E-3 1.72291E-3
-9999 -9999 -9999 -9999 -9999 -9999 -9999 -9999 -9999 -9999 -9999 -9999 -9999 -9999 4.22452E-6 5.82995E-6 1.1628E-5 1.15477E-5 1.90814E-5 1.39645E-5 2.88546E-5 2.95309E-5 3.22558E-5 5.63655E-5 5.98342E-5 2.43226E-5 2.63431E-5 7.22444E-5 7.84317E-5 6.43683E-5 1.15955E-4 2.46118E-4 5.16046E-4 7.93035E-4 1.08615E-3 1.30487E-3 2.38526E-3 3.42853E-3 4.49676E-3 3.97956E-3 4.42296E-3 2.83159E-3 3.18886E-3 1.23234E-2 1.26135E-2 1.18423E-2 1.26593E-2 8.66904E-3 9.68713E-3 1.78367E-2 2.0901E-2 2.48247E-2 2.48399E-2 1.14748E-2 1.15444E-2 8.61358E-3 8.28451E-3 6.34492E-3 4.16832E-3 3.82634E-3
-9999 -9999 -9999 -9999 -9999 -9999 -9999 -9999 -9999 -9999 -9999 -9999 -9999 -9999 3.6109E-6 5.34023E-6 8.16115E-6 1.12889E-5 1.1754E-5 1.98941E-5 2.1435E-5 2.77147E-5 3.03794E-5 5.03713E-5 6.58782E-5 4.78776E-5 5.35266E-5 9.3789E-5 1.00378E-4 9.43183E-5 1.07659E-4 1.95905E-4 5.23908E-4 7.34576E-4 8.94203E-4 1.38899E-3 2.83889E-3 3.21028E-3 4.87653E-3 3.65844E-3 4.61174E-3 1.9454E-3 3.6364E-3 1.29181E-2 1.37225E-2 6.797E-3 9.52929E-3 1.2089E-2 2.03719E-2 2.66576E-2 3.12987E-2 3.15487E-2 3.15555E-2 2.43764E-2 1.11594E-2 7.9628E-3 5.89284E-3 3.77507E-3 3.43343E-3 4.35718E-3
-9999 -9999 -9999 -9999 -9999 -9999 -9999 -9999 -9999 -9999 -9999 -9999 -9999 2.24126E-6 3.00091E-6 3.6646E-6 5.59275E-6 1.29889E-5 9.52364E-6 2.01392E-5 1.59877E-5 3.10222E-5 4.0351E-5 4.5406E-5 5.81846E-5 6.08675E-5 8.87804E-5 1.09882E-4 1.30898E-4 1.47729E-4 8.63846E-5 2.02092E-4 5.01205E-4 4.41033E-4 8.24747E-4 1.7842E-3 2.41989E-3 3.01492E-3 4.71986E-3 5.33171E-3 5.33318E-3 5.89239E-3 5.32793E-3 1.26939E-2 1.28302E-2 1.16612E-2 1.56274E-2 1.89035E-2 3.01091E-2 3.53134E-2 3.19243E-2 4.14211E-2 3.98696E-2 3.33544E-2 2.86402E-2 2.41113E-2 1.41239E-2 7.99299E-3 3.08894E-3 2.24863E-3
-9999 -9999 -9999 -9999 -9999 -9999 -9999 -9999 -9999 -9999 -9999 -9999 -9999 2.11936E-6 2.32496E-6 4.3393E-6 1.05752E-5 1.07848E-5 1.24882E-5 1.50887E-5 1.66512E-5 1.25185E-5 2.3549E-5 4.1702E-5 5.12625E-5 6.42356E-5 6.72333E-5 1.07013E-4 6.97155E-5 1.07021E-4 1.32178E-4 3.53101E-4 3.12365E-4 2.56933E-4 9.094E-4 1.81057E-3 2.39381E-3 3.45211E-3 4.30912E-3 5.5017E-3 6.96591E-3 8.65656E-3 8.13228E-3 1.20894E-2 1.56502E-2 1.93998E-2 2.16779E-2 2.93005E-2 3.18666E-2 4.31371E-2 4.94835E-2 4.61877E-2 4.55334E-2 3.52247E-2 2.50045E-2 1.96292E-2 2.38682E-2 1.76254E-2 9.21269E-3 2.50104E-3
-9999 -9999 -9999 -9999 -9999 -9999 -9999 -9999 -9999 -9999 -9999 -9999 -9999 1.54607E-6 3.39341E-6 6.86956E-6 9.66639E-6 9.83733E-6 9.83278E-6 1.06288E-5 1.30042E-5 1.55032E-5 3.19066E-5 3.24034E-5 5.05474E-5 6.78552E-5 7.50571E-5 1.03436E-4 1.04458E-4 1.93437E-4 2.41076E-4 2.49346E-4 2.69633E-4 5.32406E-4 1.20773E-3 1.50086E-3 2.26247E-3 3.06671E-3 4.19135E-3 5.42723E-3 6.94449E-3 5.99631E-3 8.65103E-3 1.0739E-2 1.67222E-2 1.39742E-2 1.88735E-2 2.30673E-2 3.22028E-2 4.62953E-2 5.24019E-2 4.92566E-2 4.10449E-2 3.20517E-2 2.58102E-2 1.45043E-2 1.50766E-2 1.71951E-2 1.14627E-2 4.8489E-3
-9999 -9999 -9999 -9999 -9999 -9999 -9999 -9999 -9999 -9999 -9999 -9999 -9999 1.81858E-6 2.58021E-6 3.24373E-6 8.65462E-6 1.19398E-5 1.31593E-5 1.13988E-5 1.15796E-5 2.17075E-5 2.17051E-5 3.4225E-5 4.82707E-5 4.97783E-5 5.48939E-5 8.06943E-5 1.25446E-4 1.67025E-4 2.11882E-4 1.6916E-4 2.26071E-4 8.66899E-4 9.90244E-4 1.42781E-3 1.96857E-3 2.52629E-3 3.70827E-3 5.06297E-3 5.95292E-3 6.27989E-3 6.53988E-3 6.81928E-3 1.39511E-2 1.32941E-2 7.18066E-3 7.28397E-3 1.65372E-2 3.86455E-2 4.98267E-2 4.98246E-2 2.94158E-2 1.57379E-2 1.23597E-2 1.51837E-2 5.90618E-3 1.01154E-2 9.63863E-3 1.0317E-2
-9999 -9999 -9999 -9999 -9999 -9999 -9999 -9999 -9999 -9999 -9999 -9999 -9999 1.55198E-6 2.49848E-6 5.92721E-6 8.40416E-6 7.0809E-6 1.2867E-5 1.58703E-5 1.46038E-5 2.12763E-5 2.4027E-5 2.98069E-5 4.39949E-5 4.56925E-5 4.18739E-5 4.65347E-5 9.36142E-5 1.4404E-4 2.50654E-4 1.68914E-4 4.1059E-4 6.71432E-4 1.02716E-3 1.38589E-3 1.95787E-3 1.42463E-3 2.02155E-3 4.03469E-3 5.41089E-3 7.24577E-3 8.37648E-3 1.03811E-2 6.41727E-3 5.78396E-3 6.22322E-3 9.43666E-3 1.96554E-2 3.34702E-2 4.27192E-2 4.39127E-2 3.9014E-2 1.74298E-2 4.32454E-3 5.45948E-3 7.67356E-3 2.99575E-3 2.51155E-3 2.84257E-3
-9999 -9999 -9999 -9999 -9999 -9999 -9999 -9999 -9999 -9999 -9999 -9999 -9999 -9999 1.72139E-6 2.99932E-6 3.27845E-6 5.39464E-6 1.22303E-5 1.41797E-5 1.75887E-5 1.29834E-5 1.68597E-5 2.99334E-5 3.46429E-5 4.33555E-5 6.76474E-5 7.7042E-5 8.51462E-5 1.63715E-4 2.04621E-4 3.54615E-4 5.15281E-4 5.59391E-4 8.2265E-4 1.22846E-3 1.78145E-3 2.45474E-3 1.51089E-3 1.34021E-3 3.46981E-3 6.10805E-3 8.17201E-3 8.83542E-3 1.06593E-2 7.73465E-3 1.19866E-2 1.33091E-2 1.38471E-2 1.55025E-2 2.41493E-2 2.89009E-2 3.5813E-2 2.92176E-2 1.33472E-2 3.61117E-3 2.20841E-3 1.74295E-3 2.17761E-3 1.59815E-3
-9999 -9999 -9999 -9999 -9999 -9999 -9999 -9999 -9999 -9999 -9999 -9999 -9999 -9999 1.99114E-6 4.7096E-6 3.45337E-6 8.55763E-6 1.23588E-5 1.28456E-5 7.69784E-6 1.05631E-5 2.41701E-5 2.86785E-5 3.34843E-5 4.64179E-5 6.22243E-5 7.14719E-5 5.43914E-5 8.11651E-5 2.43375E-4 3.23967E-4 3.58043E-4 5.6642E-4 8.20588E-4 1.20121E-3 9.05043E-4 1.02821E-3 7.0174E-4 2.66033E-3 4.46516E-3 5.28402E-3 6.51327E-3 7.86455E-3 8.98705E-3 1.16673E-2 1.51091E-2 1.38059E-2 8.25035E-3 6.74795E-3 5.35714E-3 1.18913E-2 2.36623E-2 2.78861E-2 3.11475E-2 1.99402E-2 1.01555E-2 9.48051E-3 4.84523E-3 2.13711E-3
-9999 -9999 -9999 -9999 -9999 -9999 -9999 -9999 -9999 -9999 -9999 -9999 -9999 -9999 -9999 3.2426E-6 4.65906E-6 6.49206E-6 1.20232E-5 1.10765E-5 4.56139E-6 9.08501E-6 1.70401E-5 2.74399E-5 2.65481E-5 4.50118E-5 5.95523E-5 7.25425E-5 6.67686E-5 1.40389E-4 2.86867E-4 3.18609E-4 2.71516E-4 6.49783E-4 9.11138E-4 1.18018E-3 5.79713E-4 4.59731E-4 4.46867E-4 3.58537E-3 4.08396E-3 4.86734E-3 6.15615E-3 6.56549E-3 3.83236E-3 4.22882E-3 1.20089E-2 1.42188E-2 1.37981E-2 8.01395E-3 3.58241E-3 3.87148E-3 6.66098E-3 9.52382E-3 1.31588E-2 2.34526E-2 2.33092E-2 1.44659E-2 3.53258E-3 2.52642E-3
-9999 -9999 -9999 -9999 -9999 -9999 -9999 -9999 -9999 -9999 -9999 -9999 -9999 -9999 -9999 2.08359E-6 4.42171E-6 4.16941E-6 6.62038E-6 4.18092E-6 4.46576E-6 1.26103E-5 1.48155E-5 2.119E-5 3.07999E-5 3.04012E-5 4.93397E-5 5.71282E-5 7.86733E-5 8.46943E-5 1.77498E-4 2.80372E-4 1.99795E-4 3.498E-4 5.02997E-4 8.55574E-4 1.5923E-3 1.7896E-3 1.05503E-3 1.52122E-3 6.62785E-4 3.46156E-3 5.59074E-3 2.69919E-3 3.8763E-3 8.12948E-3 1.24483E-2 9.28389E-3 1.18635E-2 1.37059E-2 7.09435E-3 6.77021E-3 3.32812E-3 1.52621E-3 4.05467E-3 4.92142E-3 1.36724E-2 1.80831E-2 1.41089E-2 4.29137E-3
-9999 -9999 -9999 -9999 -9999 -9999 -9999 -9999 -9999 -9999 -9999 -9999 -9999 -9999 -9999 2.00077E-6 2.60766E-6 3.58587E-6 3.9313E-6 2.81516E-6 1.01602E-5 1.28116E-5 1.22587E-5 2.57458E-5 3.12557E-5 3.83109E-5 4.92303E-5 6.74093E-5 9.56642E-5 1.16362E-4 2.27602E-4 1.54842E-4 2.11393E-4 2.7563E-4 5.06272E-4 1.09543E-3 1.39852E-3 8.06361E-4 2.66935E-4 1.96936E-4 1.07649E-4 9.3462E-4 2.98748E-3 3.18154E-3 5.36868E-3 8.82989E-3 9.73701E-3 8.75029E-3 7.66829E-3 6.54373E-3 4.80061E-3 3.03513E-3 3.34622E-3 3.17369E-4 7.93913E-4 1.2278E-3 3.52342E-3 8.28483E-3 1.00929E-2 8.98267E-3
-9999 -9999 -9999 -9999 -9999 -9999 -9999 -9999 -9999 -9999 -9999 -9999 -9999 -9999 -9999 -9999 2.12813E-6 2.26892E-6 2.62016E-6 2.71196E-6 4.26988E-6 5.98037E-6 5.24819E-6 2.32536E-5 2.77842E-5 3.72875E-5 5.25967E-5 6.87831E-5 8.73911E-5 1.2011E-4 1.2219E-4 1.49027E-4 2.33568E-4 3.69138E-4 5.63278E-4 8.05289E-4 5.62132E-4 1.05604E-3 3.98337E-4 1.52971E-4 3.93358E-4 1.1093E-3 2.36794E-3 4.27635E-3 5.57133E-3 8.99219E-3 4.85811E-3 4.24706E-3 2.7168E-3 1.45232E-3 4.7869E-4 4.17094E-4 6.21597E-4 3.30591E-4 4.8362E-4 1.95208E-3 4.2615E-3 4.23814E-3 4.19032E-3 4.55401E-3
-9999 -9999 -9999 -9999 -9999 -9999 -9999 -9999 -9999 -9999 -9999 -9999 -9999 -9999 -9999 -9999 -9999 1.90383E-6 2.9501E-6 2.80754E-6 3.66663E-6 4.02212E-6 7.15177E-6 2.13623E-5 2.18233E-5 3.75842E-5 5.46121E-5 6.45666E-5 9.22472E-5 1.28596E-4 1.37895E-4 2.21316E-4 2.74824E-4 4.67402E-4 2.63403E-4 3.34306E-4 1.4908E-4 1.7092E-4 3.19239E-4 2.59207E-4 3.97309E-4 3.81977E-4 5.55303E-4 3.48173E-3 6.69634E-3 6.8537E-3 5.5794E-3 4.08701E-3 2.39421E-3 5.19947E-4 1.4844E-4 2.42045E-4 1.40786E-3 3.4867E-3 3.59342E-3 5.99059E-3 9.428E-3 6.12672E-3 3.95535E-3 5.21884E-3
-9999 -9999 -9999 -9999 -9999 -9999 -9999 -9999 -9999 -9999 -9999 -9999 -9999 -9999 -9999 -9999 -9999 -9999 -9999 2.74088E-6 4.01015E-6 7.15486E-6 6.62771E-6 2.17004E-5 2.34318E-5 2.99276E-5 4.08416E-5 6.63334E-5 9.40027E-5 1.30695E-4 1.46976E-4 2.53791E-4 2.88901E-4 4.28104E-4 2.67147E-4 1.87559E-4 4.23924E-4 2.64319E-4 4.1628E-4 4.74022E-4 2.58162E-4 4.3485E-4 1.72858E-3 4.35235E-3 4.09105E-3 3.17678E-3 3.45618E-3 1.75028E-3 1.96687E-3 5.17947E-4 2.04284E-3 2.18982E-3 2.28391E-3 5.96803E-3 4.39457E-3 5.20649E-3 1.23677E-2 1.24582E-2 8.58202E-3 8.67844E-3
-9999 -9999 -9999 -9999 -9999 -9999 -9999 -9999 -9999 -9999 -9999 -9999 -9999 -9999 -9999 -9999 -9999 -9999 -9999 2.72074E-6 2.8896E-6 3.82181E-6 6.75245E-6 1.53955E-5 2.26881E-5 3.45712E-5 4.81081E-5 5.94711E-5 7.28069E-5 1.11357E-4 1.50595E-4 2.22029E-4 1.13476E-4 1.89272E-4 1.81607E-4 2.41315E-4 1.24721E-3 7.95084E-4 8.56268E-4 2.41514E-3 6.30928E-4 9.32417E-4 8.73472E-4 4.8903E-4 1.45834E-3 6.76513E-4 1.14529E-3 3.72214E-4 1.78749E-4 4.34982E-4 2.77883E-3 6.95639E-3 8.21321E-3 4.65702E-3 3.89431E-3 4.05011E-3 5.24944E-3 2.00208E-2 1.8125E-2 1.76274E-2
