Maxent Output/Vulpes_macrotis.asc
ncols         360
nrows         264
xllcorner     -125.000000000003
yllcorner     31.9999999999996
cellsize      0.041666666666667
NODATA_value  -9999
[rows 130 to 155 of 264, columns 60 to 119 of 360]
1.01352E-4 1.36847E-4 2.06972E-4 4.40672E-4 8.30318E-4 1.28343E-3 2.0023E-3 -9999 3.29112E-3 4.59812E-3 4.80212E-3 6.36037E-3 1.03986E-2 1.8643E-2 2.40919E-2 4.01586E-2 4.0134E-2 2.95001E-2 2.09494E-2 4.93433E-2 2.32281E-2 2.28024E-2 3.58943E-2 3.58229E-2 8.08168E-2 1.39761E-1 1.99329E-1 1.72575E-1 2.87732E-1 3.70957E-1 3.98895E-1 3.67315E-1 3.70706E-1 3.95426E-1 3.86443E-1 3.62876E-1 3.64396E-1 3.41877E-1 3.49173E-1 3.70309E-1 4.24285E-1 4.02251E-1 3.41511E-1 3.73306E-1 3.40608E-1 5.03274E-1 3.7427E-1 4.21734E-1 3.69433E-1 3.59012E-1 4.0432E-1 2.35802E-1 1.23189E-1 1.22677E-1 7.718E-2 4.4313E-2 1.30539E-2 1.37343E-2 9.80243E-3 1.28443E-2
1.34172E-4 1.47046E-4 1.93524E-4 3.11644E-4 6.22373E-4 1.62345E-3 2.97408E-3 4.08759E-3 7.29303E-3 6.80731E-3 6.36983E-3 5.87625E-3 8.38902E-3 1.21192E-2 1.63209E-2 1.85274E-2 2.69628E-2 1.47756E-2 1.13315E-2 1.50739E-2 4.57004E-2 3.21059E-2 3.26947E-2 3.68268E-2 4.29858E-2 1.03528E-1 1.14022E-1 1.45314E-1 2.18762E-1 3.1962E-1 3.73634E-1 3.83107E-1 3.84208E-1 4.31614E-1 4.03163E-1 4.55012E-1 4.0332E-1 4.19829E-1 5.2836E-1 5.79572E-1 4.52374E-1 3.68025E-1 3.83121E-1 5.43428E-1 5.66155E-1 5.37238E-1 4.82949E-1 4.19873E-1 3.77368E-1 3.79022E-1 3.86951E-1 3.86119E-1 2.38104E-1 1.35861E-1 1.07752E-1 8.40398E-2 3.94835E-2 3.11504E-2 1.40494E-2 1.05464E-2
-9999 1.53849E-4 2.42938E-4 2.65012E-4 5.09228E-4 1.05943E-3 4.36337E-3 5.5316E-3 8.3239E-3 9.075E-3 5.53524E-3 6.94673E-3 8.07611E-3 1.06629E-2 2.07865E-2 1.12185E-2 3.43537E-2 1.56868E-2 1.50171E-2 1.6276E-2 1.94965E-2 3.66509E-2 2.90872E-2 3.32243E-2 4.30465E-2 5.38571E-2 7.25502E-2 8.21662E-2 1.56719E-1 2.24443E-1 3.62586E-1 3.83831E-1 4.36733E-1 4.76908E-1 4.73491E-1 4.41779E-1 4.42604E-1 5.41304E-1 5.59536E-1 5.74033E-1 5.73246E-1 3.87887E-1 6.12883E-1 5.62716E-1 5.89583E-1 5.29063E-1 5.52682E-1 5.16607E-1 4.24999E-1 3.73939E-1 3.64448E-1 3.57792E-1 3.66386E-1 1.84962E-1 1.09314E-1 1.00092E-1 9.37905E-2 6.2572E-2 1.8913E-2 1.94109E-2
-9999 2.02946E-4 2.54238E-4 2.44098E-4 2.92462E-4 8.3344E-4 2.14974E-3 6.05452E-3 9.60522E-3 7.18521E-3 5.63527E-3 6.10193E-3 7.37603E-3 1.02595E-2 1.566E-2 3.12092E-2 2.14533E-2 1.49752E-2 1.55901E-2 1.6321E-2 1.99233E-2 3.06007E-2 3.8897E-2 3.74583E-2 4.37334E-2 5.69725E-2 9.36727E-2 1.35328E-1 1.54034E-1 2.64265E-1 2.74004E-1 3.43673E-1 3.6641E-1 4.41487E-1 4.38453E-1 4.84818E-1 4.62159E-1 5.45798E-1 5.64406E-1 6.02882E-1 5.66771E-1 3.19524E-1 6.25319E-1 5.95528E-1 5.92812E-1 5.1986E-1 5.14421E-1 4.94209E-1 5.04056E-1 3.74405E-1 3.61043E-1 3.72518E-1 3.5268E-1 3.80641E-1 1.65579E-1 1.23582E-1 8.71893E-2 8.1391E-2 3.39327E-2 3.24656E-2
-9999 2.11555E-4 2.7624E-4 2.56605E-4 2.63748E-4 4.06614E-4 1.41023E-3 2.58305E-3 5.17587E-3 6.65993E-3 5.0962E-3 6.06996E-3 7.80447E-3 1.05202E-2 1.4901E-2 3.27724E-2 3.0509E-2 1.52526E-2 1.24785E-2 1.8334E-2 2.03088E-2 3.0662E-2 3.80252E-2 4.6302E-2 5.25944E-2 6.35233E-2 8.20063E-2 1.14476E-1 1.24795E-1 2.49068E-1 2.70831E-1 3.81259E-1 3.78358E-1 4.66696E-1 5.01832E-1 4.67841E-1 6.10827E-1 3.48394E-1 3.44049E-1 3.80306E-1 3.59454E-1 3.82948E-1 6.11382E-1 6.08927E-1 6.14223E-1 5.54907E-1 5.82333E-1 5.61612E-1 5.23153E-1 4.46048E-1 3.63079E-1 4.01774E-1 4.05038E-1 3.84843E-1 3.5321E-1 3.03039E-1 1.46457E-1 1.04099E-1 8.62333E-2 6.17731E-2
-9999 -9999 3.32602E-4 3.85672E-4 3.71734E-4 4.54366E-4 5.62592E-4 9.54507E-4 1.91467E-3 4.87593E-3 6.59963E-3 7.88865E-3 9.54222E-3 1.08694E-2 1.58352E-2 2.90812E-2 4.32748E-2 3.30474E-2 1.44754E-2 1.85152E-2 1.98191E-2 2.68495E-2 3.9266E-2 5.15139E-2 6.31132E-2 6.36737E-2 7.3402E-2 1.43515E-1 1.33538E-1 1.96156E-1 3.15955E-1 3.6636E-1 4.0442E-1 4.77422E-1 4.84856E-1 6.84665E-1 4.01868E-1 3.97974E-1 3.78732E-1 3.81258E-1 3.44337E-1 3.42552E-1 3.29233E-1 6.1125E-1 5.94338E-1 6.20372E-1 5.68886E-1 4.85108E-1 5.20285E-1 5.50381E-1 5.34694E-1 5.01908E-1 4.17478E-1 4.1466E-1 4.05005E-1 3.88798E-1 3.31102E-1 2.57457E-1 1.28782E-1 8.10204E-2
-9999 -9999 3.58348E-4 4.23764E-4 4.79577E-4 6.15673E-4 4.74651E-4 4.69192E-4 5.90897E-4 1.5509E-3 6.8837E-3 9.18079E-3 1.31936E-2 1.66229E-2 2.34928E-2 2.66779E-2 3.95175E-2 5.06323E-2 1.81926E-2 2.1358E-2 1.72234E-2 2.63008E-2 3.16953E-2 4.49803E-2 5.45447E-2 6.40988E-2 6.28642E-2 9.4818E-2 1.83743E-1 1.94114E-1 2.75071E-1 3.56717E-1 4.08676E-1 5.10481E-1 7.09089E-1 7.05864E-1 3.96861E-1 3.8534E-1 3.75844E-1 4.04265E-1 3.84847E-1 3.64431E-1 3.6833E-1 6.03709E-1 6.02799E-1 6.39748E-1 6.05239E-1 5.97852E-1 5.77184E-1 5.97263E-1 5.57018E-1 5.46332E-1 4.67011E-1 4.8002E-1 4.5825E-1 4.12594E-1 3.42872E-1 3.26404E-1 2.46355E-1 1.23972E-1
-9999 -9999 3.28933E-4 3.64396E-4 4.05197E-4 4.7552E-4 6.88283E-4 6.17719E-4 5.67923E-4 8.34E-4 2.37411E-3 1.08641E-2 1.48237E-2 1.87257E-2 2.55247E-2 3.10931E-2 3.22068E-2 4.40727E-2 2.24388E-2 2.52914E-2 2.53311E-2 2.47412E-2 3.37091E-2 4.15013E-2 5.45832E-2 7.18337E-2 9.52004E-2 1.76453E-1 1.35974E-1 2.91828E-1 2.62193E-1 3.69674E-1 4.27369E-1 5.74329E-1 7.50311E-1 7.34276E-1 3.95215E-1 4.16377E-1 4.33042E-1 4.30894E-1 4.4164E-1 4.17475E-1 3.61126E-1 3.67449E-1 6.68141E-1 6.17359E-1 5.90575E-1 5.85797E-1 5.87283E-1 5.58137E-1 5.58249E-1 5.56016E-1 5.59505E-1 5.46555E-1 5.60009E-1 4.04154E-1 4.42627E-1 3.69693E-1 3.34874E-1 2.55096E-1
-9999 -9999 3.44476E-4 3.47581E-4 3.24591E-4 3.39808E-4 3.69304E-4 6.75041E-4 6.17537E-4 6.33478E-4 8.12801E-4 1.76173E-3 1.2683E-2 1.22354E-2 1.9665E-2 2.16422E-2 2.52936E-2 4.08605E-2 4.39481E-2 3.17076E-2 3.72742E-2 2.97763E-2 3.29208E-2 3.69478E-2 6.36376E-2 7.13298E-2 1.13171E-1 1.82322E-1 1.80658E-1 2.82236E-1 3.08543E-1 3.94013E-1 4.5472E-1 6.2637E-1 5.68558E-1 7.60941E-1 4.64219E-1 4.5598E-1 4.65905E-1 4.67695E-1 4.70253E-1 4.32645E-1 4.35445E-1 4.29802E-1 4.01203E-1 7.05557E-1 6.53817E-1 6.19894E-1 6.78974E-1 6.45106E-1 6.38172E-1 5.89968E-1 5.58041E-1 5.59276E-1 5.23893E-1 5.30586E-1 5.32786E-1 4.62321E-1 3.711E-1 3.72575E-1
-9999 -9999 2.98992E-4 3.17888E-4 2.78399E-4 3.2429E-4 3.38185E-4 4.04653E-4 7.63776E-4 6.37651E-4 6.71756E-4 9.87443E-4 2.3766E-3 1.59556E-3 3.39266E-3 6.75757E-3 2.28307E-2 3.51612E-2 4.63688E-2 5.51404E-2 4.9844E-2 3.49194E-2 3.08006E-2 4.46157E-2 6.77261E-2 6.23832E-2 1.06498E-1 1.14487E-1 1.65443E-1 1.76526E-1 2.664E-1 3.72786E-1 4.19881E-1 5.48985E-1 5.83873E-1 8.40305E-1 8.30095E-1 5.36167E-1 5.17387E-1 5.11087E-1 4.98613E-1 4.95064E-1 4.97849E-1 4.37388E-1 4.15274E-1 4.21467E-1 6.74678E-1 6.57852E-1 7.0037E-1 6.43599E-1 6.66868E-1 6.15091E-1 5.83194E-1 5.84559E-1 5.4967E-1 6.04785E-1 5.3972E-1 5.84466E-1 4.72568E-1 4.94982E-1
-9999 -9999 -9999 3.36368E-4 3.26005E-4 3.55952E-4 3.2106E-4 3.25373E-4 6.53544E-4 8.83893E-4 8.49584E-4 7.80896E-4 1.03192E-3 1.44329E-3 2.07708E-3 3.58104E-3 5.48011E-3 1.10064E-2 2.28381E-2 5.47798E-2 7.40857E-2 8.31624E-2 4.39469E-2 3.75348E-2 6.45116E-2 6.82239E-2 9.47197E-2 1.44226E-1 1.34995E-1 2.0741E-1 1.87716E-1 3.09771E-1 4.25E-1 5.73162E-1 6.0395E-1 7.05367E-1 8.8014E-1 5.68836E-1 5.5025E-1 4.98009E-1 5.30673E-1 5.67023E-1 5.11277E-1 4.67164E-1 4.67943E-1 4.40531E-1 4.14869E-1 7.04753E-1 7.22977E-1 7.00348E-1 6.60592E-1 6.60717E-1 6.33628E-1 6.08115E-1 5.92622E-1 5.76494E-1 5.54121E-1 5.82559E-1 6.06123E-1 5.03591E-1
-9999 -9999 -9999 -9999 3.61944E-4 3.90006E-4 3.12931E-4 3.27722E-4 3.77783E-4 7.29942E-4 1.12852E-3 1.19777E-3 1.38596E-3 1.44536E-3 1.81221E-3 2.92095E-3 4.35709E-3 8.05385E-3 2.08783E-2 2.5478E-2 6.91707E-2 9.8207E-2 6.32965E-2 4.6622E-2 6.10934E-2 7.54927E-2 9.98555E-2 1.25238E-1 2.80669E-1 2.94807E-1 2.1685E-1 3.28796E-1 4.97158E-1 5.60769E-1 6.90833E-1 7.53925E-1 7.1354E-1 8.86509E-1 6.42808E-1 5.32199E-1 5.18421E-1 5.11974E-1 4.99882E-1 5.10806E-1 4.81422E-1 4.73463E-1 4.71862E-1 4.27471E-1 7.55449E-1 7.27734E-1 7.24195E-1 6.99798E-1 6.60876E-1 6.55956E-1 6.61717E-1 6.7517E-1 6.45129E-1 6.52072E-1 6.62661E-1 6.35191E-1
-9999 -9999 -9999 -9999 -9999 3.95121E-4 3.86575E-4 3.09237E-4 3.20252E-4 5.18163E-4 1.07619E-3 1.18945E-3 1.59919E-3 2.27311E-3 1.9184E-3 2.20199E-3 3.78573E-3 5.99647E-3 1.20256E-2 2.26845E-2 3.33438E-2 9.34617E-2 1.04467E-1 6.231E-2 6.43775E-2 8.19936E-2 9.10082E-2 1.42728E-1 2.74749E-1 3.10703E-1 3.16782E-1 4.27653E-1 5.35493E-1 6.20595E-1 6.16999E-1 6.87298E-1 8.29966E-1 7.63946E-1 6.42195E-1 5.72874E-1 5.1586E-1 5.8817E-1 5.53202E-1 5.12708E-1 5.06034E-1 5.24065E-1 5.29883E-1 4.70156E-1 4.67935E-1 7.62964E-1 7.14701E-1 7.20653E-1 7.11111E-1 6.83436E-1 6.89104E-1 7.04804E-1 7.50493E-1 7.26383E-1 7.18712E-1 6.86614E-1
-9999 -9999 -9999 -9999 -9999 -9999 3.92105E-4 3.4318E-4 3.82265E-4 4.5348E-4 7.25038E-4 8.863E-4 1.32023E-3 1.64225E-3 2.32022E-3 2.9474E-3 4.64543E-3 6.54302E-3 8.59434E-3 1.63621E-2 3.14095E-2 5.2271E-2 7.0759E-2 1.26577E-1 7.04219E-2 8.45563E-2 1.19305E-1 2.41918E-1 2.99058E-1 3.0702E-1 3.15257E-1 3.66951E-1 4.72171E-1 5.63025E-1 5.52547E-1 6.63058E-1 7.80509E-1 8.15716E-1 8.88388E-1 6.50802E-1 6.22442E-1 5.63247E-1 5.70233E-1 5.54854E-1 5.45359E-1 5.71511E-1 5.13141E-1 5.4011E-1 5.09214E-1 4.73313E-1 7.93386E-1 7.61041E-1 7.57158E-1 7.32819E-1 7.41921E-1 7.72673E-1 7.88514E-1 7.83224E-1 7.53696E-1 7.32279E-1
-9999 -9999 -9999 -9999 -9999 -9999 -9999 3.69734E-4 4.33706E-4 4.62361E-4 6.16979E-4 7.49182E-4 9.97928E-4 1.52419E-3 2.03072E-3 2.86768E-3 4.20059E-3 5.59393E-3 9.1473E-3 1.27831E-2 2.07669E-2 3.03848E-2 5.71611E-2 1.01478E-1 1.02282E-1 1.35918E-1 1.75926E-1 2.39113E-1 1.8863E-1 1.64935E-1 1.7995E-1 1.17952E-1 4.18904E-1 5.44936E-1 6.16035E-1 6.45708E-1 6.8819E-1 7.46529E-1 8.04571E-1 8.711E-1 6.53178E-1 6.34602E-1 6.20077E-1 6.03205E-1 5.70214E-1 5.56988E-1 5.6616E-1 5.68753E-1 5.19553E-1 4.96581E-1 4.69052E-1 8.10155E-1 8.17297E-1 7.86276E-1 7.80757E-1 7.92704E-1 8.05004E-1 7.76183E-1 7.80476E-1 7.77267E-1
-9999 -9999 -9999 -9999 -9999 -9999 -9999 -9999 -9999 -9999 5.24927E-4 6.65671E-4 -9999 -9999 2.01578E-3 2.38362E-3 3.73045E-3 5.40322E-3 7.84071E-3 1.13315E-2 1.96453E-2 2.96912E-2 4.03112E-2 8.63823E-2 9.95684E-2 1.31656E-1 1.55972E-1 1.91214E-1 1.75192E-1 1.90159E-1 1.19272E-1 2.20383E-1 3.80178E-1 4.96018E-1 5.72347E-1 7.76887E-1 7.88937E-1 8.27132E-1 8.32372E-1 7.49531E-1 6.21422E-1 6.61792E-1 5.59427E-1 5.59585E-1 5.84238E-1 6.18526E-1 5.75802E-1 5.45846E-1 5.52526E-1 5.621E-1 5.33967E-1 8.72006E-1 8.42745E-1 8.28873E-1 8.13534E-1 8.30216E-1 8.42664E-1 8.00318E-1 8.08018E-1 7.55071E-1
-9999 -9999 -9999 -9999 -9999 -9999 -9999 -9999 -9999 -9999 -9999 -9999 -9999 -9999 -9999 2.30255E-3 3.02579E-3 4.12081E-3 6.11261E-3 7.39197E-3 1.26329E-2 2.07743E-2 3.21355E-2 4.40571E-2 8.52445E-2 1.02776E-1 1.49384E-1 1.55408E-1 1.40919E-1 1.60841E-1 9.52168E-2 1.0194E-1 2.06641E-1 4.99865E-1 4.81864E-1 5.74658E-1 7.69345E-1 7.57977E-1 8.05764E-1 7.83387E-1 7.71079E-1 6.694E-1 6.11863E-1 6.36333E-1 6.31527E-1 6.20391E-1 5.94731E-1 5.61511E-1 5.79326E-1 5.68171E-1 5.88443E-1 5.91019E-1 8.49026E-1 8.6696E-1 8.21173E-1 8.02662E-1 8.55744E-1 8.46792E-1 8.10685E-1 7.69484E-1
-9999 -9999 -9999 -9999 -9999 -9999 -9999 -9999 -9999 -9999 -9999 -9999 -9999 -9999 -9999 -9999 2.90263E-3 3.46165E-3 4.85606E-3 6.73401E-3 1.08565E-2 1.49904E-2 2.67085E-2 4.73124E-2 6.07805E-2 8.51401E-2 1.04914E-1 1.32859E-1 2.1539E-1 2.12037E-1 1.83753E-1 2.52355E-1 9.24033E-2 3.82241E-1 4.95855E-1 4.26293E-1 7.05296E-1 7.64364E-1 7.46776E-1 8.13865E-1 8.04113E-1 6.92684E-1 6.85597E-1 6.52184E-1 6.40884E-1 6.64152E-1 6.52544E-1 5.9337E-1 5.93951E-1 6.44123E-1 6.39103E-1 5.79084E-1 8.63942E-1 8.76154E-1 8.37572E-1 8.49598E-1 8.5083E-1 8.60178E-1 8.11115E-1 8.23229E-1
-9999 -9999 -9999 -9999 -9999 -9999 -9999 -9999 -9999 -9999 -9999 -9999 -9999 -9999 -9999 -9999 3.76855E-3 4.00122E-3 5.78403E-3 5.80818E-3 9.60104E-3 1.39428E-2 2.35959E-2 3.40674E-2 4.57612E-2 5.56007E-2 8.65601E-2 1.23505E-1 1.34809E-1 2.50737E-1 2.63821E-1 2.81823E-1 1.62149E-1 1.7419E-1 3.95801E-1 1.8443E-1 1.62213E-1 3.61608E-1 5.94877E-1 8.55975E-1 8.33417E-1 8.21217E-1 6.76544E-1 6.93511E-1 6.546E-1 6.82109E-1 6.94483E-1 6.56711E-1 6.56661E-1 6.36998E-1 6.50677E-1 6.36246E-1 8.9273E-1 8.49311E-1 8.72982E-1 8.23746E-1 8.53799E-1 8.27405E-1 8.17097E-1 8.24364E-1
-9999 -9999 -9999 -9999 -9999 -9999 -9999 -9999 -9999 -9999 -9999 -9999 -9999 -9999 -9999 -9999 3.29772E-3 3.9993E-3 4.74286E-3 8.16398E-3 1.09917E-2 1.20085E-2 2.0721E-2 2.88914E-2 3.74242E-2 5.39662E-2 9.42555E-2 1.38589E-1 1.69206E-1 1.96453E-1 3.4611E-1 2.72695E-1 2.62051E-1 1.66076E-1 2.35473E-1 1.31144E-1 1.35664E-1 2.23634E-1 7.44688E-1 8.21587E-1 8.79295E-1 8.86196E-1 8.75063E-1 6.9994E-1 7.03688E-1 6.53522E-1 6.97025E-1 6.87518E-1 6.61505E-1 6.60538E-1 6.3422E-1 5.98707E-1 9.00599E-1 8.73046E-1 8.98164E-1 8.56924E-1 8.66603E-1 8.08829E-1 8.61911E-1 8.33811E-1
-9999 -9999 -9999 -9999 -9999 -9999 -9999 -9999 -9999 -9999 -9999 -9999 -9999 -9999 -9999 -9999 2.86856E-3 3.36154E-3 5.87372E-3 7.64006E-3 1.01869E-2 1.16846E-2 1.46547E-2 3.17448E-2 3.78321E-2 4.35533E-2 7.31749E-2 1.18857E-1 1.62106E-1 2.41822E-1 3.12317E-1 3.09205E-1 2.94572E-1 1.9678E-1 1.35687E-1 1.07593E-1 6.42198E-2 1.80212E-1 7.93421E-1 8.48445E-1 6.42356E-1 6.85443E-1 8.94192E-1 9.18813E-1 7.42012E-1 7.39856E-1 6.55134E-1 7.29124E-1 6.80055E-1 6.43871E-1 6.25929E-1 8.8757E-1 8.88643E-1 9.03645E-1 8.64027E-1 8.65437E-1 8.6131E-1 8.44151E-1 8.76161E-1 8.348E-1
-9999 -9999 -9999 -9999 -9999 -9999 -9999 -9999 -9999 -9999 -9999 -9999 -9999 -9999 -9999 -9999 2.41521E-3 2.92183E-3 4.76649E-3 6.12315E-3 7.36525E-3 9.71747E-3 1.39354E-2 2.64191E-2 3.91132E-2 4.09612E-2 4.65773E-2 9.77766E-2 1.35924E-1 2.71205E-1 4.2959E-1 6.27855E-1 2.56625E-1 2.03306E-1 1.65495E-1 1.04206E-1 9.00626E-2 1.13297E-1 6.23971E-1 7.86264E-1 4.78508E-1 5.16065E-1 8.00521E-1 8.90431E-1 7.65419E-1 7.75986E-1 7.47401E-1 7.06011E-1 7.33621E-1 7.21394E-1 6.82231E-1 8.89291E-1 8.90592E-1 9.15762E-1 9.04849E-1 8.65921E-1 8.63272E-1 9.02392E-1 8.63866E-1 8.62855E-1
-9999 -9999 -9999 -9999 -9999 -9999 -9999 -9999 -9999 -9999 -9999 -9999 -9999 1.18564E-3 1.08216E-3 1.96868E-3 2.10308E-3 2.81447E-3 3.49731E-3 4.98225E-3 6.64521E-3 7.7201E-3 1.1049E-2 2.11755E-2 2.88305E-2 5.1761E-2 4.81314E-2 6.58059E-2 1.03077E-1 2.48635E-1 5.1398E-1 2.92705E-1 4.71739E-1 3.08817E-1 2.2483E-1 3.00527E-1 2.49435E-1 4.32064E-1 7.87224E-1 7.61641E-1 5.24941E-1 4.3345E-1 6.60311E-1 9.174E-1 9.39794E-1 8.30248E-1 7.74179E-1 7.59842E-1 7.19853E-1 6.98493E-1 9.2326E-1 9.12348E-1 9.08359E-1 9.23376E-1 8.84632E-1 9.01025E-1 8.89646E-1 8.65707E-1 8.7902E-1 8.59104E-1
-9999 -9999 -9999 -9999 -9999 -9999 -9999 -9999 -9999 -9999 -9999 -9999 6.88498E-4 1.093E-3 1.12528E-3 1.44101E-3 1.75225E-3 2.73189E-3 3.44704E-3 3.94183E-3 7.3647E-3 8.22864E-3 1.05269E-2 1.76628E-2 2.70732E-2 6.20712E-2 8.57893E-2 7.88182E-2 4.70271E-2 1.14857E-1 3.87746E-1 5.75171E-1 1.9953E-1 1.62794E-1 6.12959E-2 7.62399E-2 2.95113E-1 4.5882E-1 7.47903E-1 8.62493E-1 8.92597E-1 9.09762E-1 9.19231E-1 9.41914E-1 9.24047E-1 9.47561E-1 7.96065E-1 7.81145E-1 7.2331E-1 7.17339E-1 9.38275E-1 9.15773E-1 9.33118E-1 9.24172E-1 9.02619E-1 9.21407E-1 8.94045E-1 8.90958E-1 8.31351E-1 8.64795E-1
-9999 -9999 -9999 -9999 -9999 -9999 -9999 -9999 -9999 -9999 -9999 -9999 6.84444E-4 8.52312E-4 1.05229E-3 1.19138E-3 1.68111E-3 2.39971E-3 3.3314E-3 4.2717E-3 7.7742E-3 9.70464E-3 1.38589E-2 1.61559E-2 2.71212E-2 4.67372E-2 9.09644E-2 1.16968E-1 8.78006E-2 1.34733E-1 1.87229E-1 4.7852E-1 3.65885E-1 3.40964E-1 1.21584E-1 5.30598E-2 1.71522E-1 1.13083E-1 1.95869E-1 4.22279E-1 5.58849E-1 7.99024E-1 8.5477E-1 8.95455E-1 8.19402E-1 8.57339E-1 9.4804E-1 9.38246E-1 7.61569E-1 6.89794E-1 9.31384E-1 9.19841E-1 9.15847E-1 9.30822E-1 9.16375E-1 9.01132E-1 9.20446E-1 8.96524E-1 8.67207E-1 9.05607E-1
-9999 -9999 -9999 -9999 -9999 -9999 -9999 -9999 -9999 -9999 -9999 -9999 -9999 6.54525E-4 9.9144E-4 1.09989E-3 1.56682E-3 2.27459E-3 2.43975E-3 4.47079E-3 8.17967E-3 9.39048E-3 1.55971E-2 1.7369E-2 2.5091E-2 3.91214E-2 6.77864E-2 1.46E-1 1.67959E-1 1.66988E-1 2.55891E-1 2.9198E-1 2.44164E-1 2.69486E-1 2.39491E-1 2.29265E-1 1.26642E-1 9.01847E-2 1.51145E-1 2.20136E-1 2.26983E-1 1.8169E-1 2.21615E-1 4.38783E-1 4.05263E-1 4.54287E-1 5.86892E-1 7.66409E-1 8.83419E-1 9.54989E-1 9.57733E-1 9.37031E-1 9.16736E-1 9.30693E-1 9.14194E-1 8.99069E-1 8.94555E-1 9.11791E-1 8.93145E-1 8.53721E-1
