Maxent Output/Vulpes_macrotis.asc
ncols         360
nrows         264
xllcorner     -125.000000000003
yllcorner     31.9999999999996
cellsize      0.041666666666667
NODATA_value  -9999
[rows 156 to 181 of 264, columns 240 to 299 of 360]
1.63829E-1 2.37878E-1 3.09782E-1 3.74622E-1 3.74212E-1 3.79042E-1 3.76001E-1 4.0371E-1 3.90899E-1 3.56818E-1 3.60066E-1 3.65737E-1 3.89846E-1 3.53386E-1 3.80493E-1 3.77955E-1 3.76463E-1 3.44303E-1 3.53353E-1 3.33492E-1 2.98084E-1 1.83214E-1 8.50767E-2 1.27264E-1 1.33467E-1 1.4042E-1 1.36909E-1 1.36968E-1 1.25235E-1 4.77277E-2 2.04359E-2 2.01443E-2 1.9862E-2 1.64518E-2 1.67111E-2 1.76549E-2 1.80926E-2 1.77342E-2 1.9604E-2 1.90736E-2 1.2075E-2 1.06984E-2 1.01625E-2 9.24018E-3 8.5311E-3 9.34771E-3 1.65105E-2 1.65789E-2 1.61192E-2 1.56962E-2 1.75109E-2 1.61045E-2 1.70243E-2 1.51522E-2 1.5178E-2 1.88727E-2 5.5592E-2 5.24416E-2 3.56774E-2 1.15296E-2
1.76333E-1 2.55026E-1 3.22436E-1 3.77078E-1 3.89524E-1 3.90017E-1 4.30322E-1 3.74209E-1 3.72191E-1 3.26722E-1 3.2493E-1 3.555E-1 3.45838E-1 3.54387E-1 3.40154E-1 3.62636E-1 3.44193E-1 3.75638E-1 3.28678E-1 3.36324E-1 3.44134E-1 2.61028E-1 2.54209E-1 2.20004E-1 2.00101E-1 2.15387E-1 2.00691E-1 1.69828E-1 1.17151E-1 4.20784E-2 1.84577E-2 1.56438E-2 1.55946E-2 1.76206E-2 1.5361E-2 1.42877E-2 1.70668E-2 1.74183E-2 1.90998E-2 1.88921E-2 1.40362E-2 1.03368E-2 1.00887E-2 8.97444E-3 7.47297E-3 1.61882E-2 1.88778E-2 1.59108E-2 1.55798E-2 1.38529E-2 1.45345E-2 1.42881E-2 1.58888E-2 1.5986E-2 1.4833E-2 1.90491E-2 6.26464E-2 4.20826E-2 2.21239E-2 2.75473E-2
1.93583E-1 3.02347E-1 3.81899E-1 3.57072E-1 3.45875E-1 3.62727E-1 3.50472E-1 3.12918E-1 1.72755E-1 2.12697E-1 3.25142E-1 3.20624E-1 3.29494E-1 3.69095E-1 3.5977E-1 3.66091E-1 3.46954E-1 3.61552E-1 3.28488E-1 2.76172E-1 2.20535E-1 3.18948E-1 3.06166E-1 3.0334E-1 2.46649E-1 2.44215E-1 2.47133E-1 1.60009E-1 8.02099E-2 4.01962E-2 1.91353E-2 1.16803E-2 1.28926E-2 1.67896E-2 1.36092E-2 1.11703E-2 1.18914E-2 1.49066E-2 1.62361E-2 2.92182E-2 2.34811E-2 8.87711E-3 1.33092E-2 8.16406E-3 3.86814E-3 1.29906E-2 2.18132E-2 1.70696E-2 1.27699E-2 1.33277E-2 1.77517E-2 1.44849E-2 1.46448E-2 1.70029E-2 1.64585E-2 1.74313E-2 5.14061E-2 5.67219E-2 6.89025E-2 7.15336E-2
2.28094E-1 2.89268E-1 3.10064E-1 3.05015E-1 3.21629E-1 3.23654E-1 2.55843E-1 2.60492E-1 2.8336E-1 3.32163E-1 3.35856E-1 3.15726E-1 3.52839E-1 3.44595E-1 3.61519E-1 3.59734E-1 3.36981E-1 2.98251E-1 2.26926E-1 9.81315E-2 1.83733E-1 2.42196E-1 2.71367E-1 2.87695E-1 2.98798E-1 2.87224E-1 2.47259E-1 1.73507E-1 6.48185E-2 4.11405E-2 2.47928E-2 1.26525E-2 1.28709E-2 1.60942E-2 1.7588E-2 1.59919E-2 1.83242E-2 3.01917E-2 2.41863E-2 2.61896E-2 2.53916E-2 1.67793E-2 6.35134E-3 3.44756E-3 1.10381E-2 1.52535E-2 2.64305E-2 1.60913E-2 1.22746E-2 1.48747E-2 3.87193E-2 1.56072E-2 1.3844E-2 2.04812E-2 4.41176E-2 6.03043E-2 6.59089E-2 4.23773E-2 1.81628E-2 1.53093E-2
3.2179E-1 3.48392E-1 3.51583E-1 3.25358E-1 2.99641E-1 2.77081E-1 1.58301E-1 1.88452E-1 3.29449E-1 3.52618E-1 3.34574E-1 3.34862E-1 3.52338E-1 3.32347E-1 3.47522E-1 3.41232E-1 3.03052E-1 2.75395E-1 1.82833E-1 1.13094E-1 1.48203E-1 1.54058E-1 2.80819E-1 2.88669E-1 3.02268E-1 3.10877E-1 2.37631E-1 1.86485E-1 5.16597E-2 4.36543E-2 3.10342E-2 2.0264E-2 1.49218E-2 1.47368E-2 1.40326E-2 2.48973E-2 2.45989E-2 2.48498E-2 2.77547E-2 2.55386E-2 2.7186E-2 3.0636E-2 2.66695E-2 1.23588E-2 1.14972E-2 2.43128E-2 2.69593E-2 1.21347E-2 1.14131E-2 2.04879E-2 5.29461E-2 4.19607E-2 2.27257E-2 5.35484E-2 6.31359E-2 5.10743E-2 6.00638E-2 1.68439E-2 1.62413E-2 2.14964E-2
5.54514E-1 4.06845E-1 4.31793E-1 3.71081E-1 3.81683E-1 3.40435E-1 2.57672E-1 2.33832E-1 3.19664E-1 3.37607E-1 3.55217E-1 3.29708E-1 3.25686E-1 3.29309E-1 3.38712E-1 3.30125E-1 3.08885E-1 2.7311E-1 1.64114E-1 8.97556E-2 6.96269E-2 9.96324E-2 2.96108E-1 2.95384E-1 3.02862E-1 2.80944E-1 2.85232E-1 1.71463E-1 5.61385E-2 3.55088E-2 2.57466E-2 1.64278E-2 1.8632E-2 2.37067E-2 2.28015E-2 2.38235E-2 2.11596E-2 2.29526E-2 2.46529E-2 2.71294E-2 3.35694E-2 3.0552E-2 3.8317E-2 1.22902E-2 1.07798E-2 3.1124E-2 2.2984E-2 2.18977E-2 2.08468E-2 4.79336E-2 6.04467E-2 6.03937E-2 5.29853E-2 3.51794E-2 7.00806E-2 3.40173E-2 1.65629E-2 1.49617E-2 1.45078E-2 4.06497E-2
3.97386E-1 4.12611E-1 4.27539E-1 4.3928E-1 3.56253E-1 3.32194E-1 3.23033E-1 3.13364E-1 3.28672E-1 3.25646E-1 3.0782E-1 2.87435E-1 2.95351E-1 3.09395E-1 3.33186E-1 3.13931E-1 2.99772E-1 2.97272E-1 1.50855E-1 7.45561E-2 8.74563E-2 1.72961E-1 2.97376E-1 2.78163E-1 2.84993E-1 3.04888E-1 2.56653E-1 1.53632E-1 5.50605E-2 4.14564E-2 2.01703E-2 1.34603E-2 2.30043E-2 2.28596E-2 2.25296E-2 1.97141E-2 1.96934E-2 2.91276E-2 2.9287E-2 2.31459E-2 4.34503E-2 2.82487E-2 4.89389E-2 1.8829E-2 1.94161E-2 3.56932E-2 3.28686E-2 4.09804E-2 4.51194E-2 4.56006E-2 5.00782E-2 3.12487E-2 1.59432E-2 2.54531E-2 2.46777E-2 5.07048E-2 1.717E-2 1.16909E-2 1.16849E-2 2.63651E-2
3.72858E-1 6.64608E-1 3.78056E-1 4.22205E-1 3.90967E-1 3.4455E-1 3.34441E-1 3.18584E-1 3.27973E-1 3.15506E-1 3.28135E-1 3.24561E-1 3.23316E-1 3.27413E-1 3.34286E-1 2.97321E-1 2.94412E-1 2.54697E-1 1.51111E-1 8.34015E-2 2.07664E-1 3.20415E-1 3.09179E-1 2.51968E-1 2.79615E-1 2.66857E-1 2.41982E-1 7.28939E-2 3.13603E-2 2.33215E-2 2.07243E-2 1.29915E-2 2.30281E-2 2.21013E-2 1.82296E-2 1.74874E-2 1.9545E-2 2.99471E-2 6.42467E-2 5.43914E-2 6.93165E-2 4.42292E-2 7.04548E-2 3.68772E-2 5.13006E-2 8.68289E-2 4.07485E-2 1.82421E-2 4.04206E-2 1.91278E-2 4.71474E-2 1.6846E-2 1.22062E-2 1.75494E-2 2.15597E-2 3.49729E-2 4.55646E-2 2.05356E-2 1.16371E-2 9.9409E-3
3.82589E-1 4.17808E-1 2.62707E-1 2.9088E-1 4.04331E-1 3.69931E-1 3.62475E-1 3.59044E-1 3.39779E-1 3.46484E-1 3.0378E-1 3.50104E-1 3.13798E-1 3.24571E-1 3.21451E-1 3.3913E-1 3.03215E-1 1.58326E-1 1.62027E-1 2.33884E-1 3.02755E-1 3.00466E-1 2.84848E-1 2.7755E-1 2.65665E-1 2.80464E-1 1.17802E-1 5.57368E-2 3.76078E-2 3.31633E-2 2.35358E-2 2.08791E-2 2.20765E-2 2.16507E-2 1.98998E-2 1.67825E-2 1.32602E-2 1.82829E-2 4.55778E-2 8.49586E-2 7.10021E-2 5.0454E-2 1.02909E-1 9.62417E-2 3.68083E-2 3.34794E-2 1.99684E-2 1.12985E-2 2.64628E-2 2.01842E-2 1.70666E-2 1.14649E-2 1.31988E-2 1.25866E-2 1.95423E-2 1.5038E-2 4.5276E-2 2.73932E-2 1.64794E-2 1.10434E-2
4.14793E-1 3.91931E-1 4.125E-1 3.93301E-1 3.90622E-1 3.95668E-1 3.41673E-1 3.53941E-1 2.91876E-1 2.9929E-1 2.96584E-1 3.06254E-1 3.27828E-1 3.24428E-1 3.26669E-1 3.20487E-1 3.35359E-1 2.69301E-1 2.92814E-1 3.06028E-1 2.97744E-1 3.26508E-1 2.82206E-1 2.62963E-1 2.52031E-1 2.83222E-1 9.01265E-2 6.18432E-2 6.96798E-2 4.70793E-2 3.06636E-2 2.59418E-2 2.33466E-2 2.20734E-2 1.82186E-2 1.55971E-2 1.4803E-2 1.35875E-2 2.65993E-2 6.64728E-2 8.30272E-2 1.21193E-1 1.59261E-1 5.32911E-2 1.6018E-2 1.62202E-2 1.24977E-2 1.33937E-2 1.27952E-2 1.58331E-2 1.02591E-2 1.10142E-2 1.08063E-2 1.21945E-2 1.35028E-2 1.3977E-2 1.88758E-2 3.14233E-2 1.41922E-2 1.33063E-2
3.92233E-1 3.87229E-1 3.16839E-1 2.98778E-1 3.85005E-1 3.77463E-1 3.39952E-1 2.81139E-1 2.62177E-1 2.41159E-1 2.86486E-1 2.72004E-1 2.99168E-1 3.2346E-1 3.02619E-1 3.3464E-1 3.57772E-1 3.00715E-1 2.93442E-1 3.01533E-1 3.09271E-1 3.03552E-1 2.61116E-1 2.84506E-1 2.30928E-1 7.63005E-2 6.83609E-2 6.05749E-2 7.27977E-2 6.46941E-2 6.38857E-2 4.06586E-2 3.22658E-2 2.43239E-2 2.94998E-2 1.98693E-2 2.12958E-2 1.59555E-2 2.04311E-2 7.18695E-2 6.40856E-2 4.03443E-2 7.28196E-2 1.23615E-2 1.13863E-2 1.40849E-2 6.78455E-3 9.88952E-3 9.62222E-3 1.08715E-2 1.01411E-2 1.0807E-2 1.11187E-2 1.20127E-2 1.2832E-2 1.32028E-2 1.36865E-2 1.65052E-2 1.71491E-2 1.35769E-2
3.35875E-1 3.26902E-1 2.97615E-1 2.7757E-1 3.09269E-1 3.47862E-1 3.38747E-1 2.95778E-1 2.36349E-1 1.817E-1 2.82821E-1 2.51231E-1 2.87711E-1 3.12083E-1 2.83658E-1 3.02165E-1 2.71558E-1 2.94085E-1 3.27186E-1 2.68243E-1 3.10909E-1 2.77261E-1 2.67137E-1 2.8687E-1 9.7718E-2 7.79551E-2 6.67011E-2 7.61255E-2 7.39358E-2 7.38742E-2 6.34528E-2 6.85348E-2 4.83976E-2 2.64675E-2 4.81423E-2 2.93744E-2 2.28238E-2 2.02338E-2 6.26049E-2 1.59987E-1 6.57982E-2 1.48006E-2 2.89422E-2 8.00031E-3 9.42094E-3 9.2569E-3 7.45234E-3 8.36447E-3 8.89589E-3 1.00899E-2 1.0133E-2 1.04483E-2 1.1412E-2 1.23382E-2 1.25332E-2 1.29201E-2 1.19057E-2 1.4924E-2 1.46677E-2 1.40573E-2
3.167E-1 2.73892E-1 2.64712E-1 2.71761E-1 2.70321E-1 2.93063E-1 3.32608E-1 2.79815E-1 2.61418E-1 1.89617E-1 2.52531E-1 2.52216E-1 2.81955E-1 2.69128E-1 2.75623E-1 2.97057E-1 2.7244E-1 2.50772E-1 2.80468E-1 2.92699E-1 3.11911E-1 2.71228E-1 2.24943E-1 1.93292E-1 8.26091E-2 5.26161E-2 6.0144E-2 5.97406E-2 6.08144E-2 1.82409E-1 1.14933E-1 5.58923E-2 3.50378E-2 5.65508E-2 6.29299E-2 3.84914E-2 1.91987E-2 1.93998E-2 6.12311E-2 1.26456E-1 2.12637E-1 2.83786E-2 1.95244E-2 9.54699E-3 9.76745E-3 6.06597E-3 7.44134E-3 7.87037E-3 8.83335E-3 9.75469E-3 1.02857E-2 9.47756E-3 1.03213E-2 1.21399E-2 1.12157E-2 1.14285E-2 1.15548E-2 1.27958E-2 1.24106E-2 1.50443E-2
2.82324E-1 2.77122E-1 3.03105E-1 2.88588E-1 2.66331E-1 2.65401E-1 3.30424E-1 2.73753E-1 2.59674E-1 2.36494E-1 2.42837E-1 2.6929E-1 2.6394E-1 2.63656E-1 2.72793E-1 2.67963E-1 3.02388E-1 2.7745E-1 2.41697E-1 2.93016E-1 2.56358E-1 1.38212E-1 1.55867E-1 1.10209E-1 5.5085E-2 4.89265E-2 5.05365E-2 5.09005E-2 1.04581E-1 1.41507E-1 1.6179E-1 5.62218E-2 4.43666E-2 6.94283E-2 4.33979E-2 1.81873E-2 1.4761E-2 2.21048E-2 2.4314E-2 6.32498E-2 1.39235E-1 5.98674E-2 2.23927E-2 9.9115E-3 9.3986E-3 4.98515E-3 5.92983E-3 8.04213E-3 8.73682E-3 9.10794E-3 1.02261E-2 9.91687E-3 1.04234E-2 1.10468E-2 1.14755E-2 1.12196E-2 1.14111E-2 1.27562E-2 1.38988E-2 1.32663E-2
3.01164E-1 3.19259E-1 2.84407E-1 3.15498E-1 2.7008E-1 2.47864E-1 2.78684E-1 3.36587E-1 2.87984E-1 2.40254E-1 2.44348E-1 2.87347E-1 2.66403E-1 2.70373E-1 2.24474E-1 2.42648E-1 2.49414E-1 2.79958E-1 2.42831E-1 2.75468E-1 2.33586E-1 1.26144E-1 2.1633E-1 1.56107E-1 6.42216E-2 6.03891E-2 4.23936E-2 4.76987E-2 4.35969E-2 4.59914E-2 6.90372E-2 5.2178E-2 5.19371E-2 6.07963E-2 4.25677E-2 4.60608E-2 2.6233E-2 1.565E-2 2.17115E-2 7.2145E-2 1.86998E-1 5.34419E-2 8.78052E-3 6.90971E-3 6.24205E-3 5.25638E-3 5.69881E-3 7.24745E-3 7.55853E-3 9.15359E-3 9.31424E-3 9.87701E-3 1.07116E-2 1.14027E-2 1.19455E-2 1.17204E-2 1.14788E-2 1.2203E-2 1.21409E-2 1.35985E-2
3.206E-1 3.08533E-1 2.84298E-1 2.63446E-1 2.45593E-1 2.52746E-1 2.94151E-1 3.17814E-1 3.28823E-1 2.4647E-1 2.58151E-1 2.53594E-1 2.35967E-1 2.68223E-1 2.33707E-1 2.33528E-1 1.42069E-1 1.6127E-1 1.97779E-1 2.59055E-1 2.50059E-1 2.34469E-1 1.31419E-1 6.15174E-2 6.8592E-2 5.28348E-2 4.24145E-2 3.80448E-2 4.28344E-2 8.18136E-2 4.89571E-2 5.17834E-2 5.74389E-2 5.58232E-2 6.06731E-2 4.71527E-2 2.98955E-2 1.27966E-2 3.44207E-2 8.71522E-2 1.76436E-1 3.82791E-2 7.339E-3 8.15314E-3 3.51576E-3 5.08918E-3 5.19308E-3 6.6397E-3 7.41466E-3 9.3359E-3 1.00559E-2 1.09573E-2 1.14162E-2 1.16415E-2 1.17285E-2 1.22435E-2 1.18853E-2 1.28098E-2 1.29644E-2 1.3735E-2
3.17583E-1 2.81389E-1 2.37192E-1 2.41506E-1 2.55304E-1 2.19983E-1 2.67686E-1 2.90773E-1 2.43166E-1 2.43886E-1 2.38126E-1 2.40173E-1 2.38092E-1 2.62063E-1 2.31407E-1 2.04441E-1 1.15841E-1 8.79211E-2 1.19492E-1 2.3905E-1 4.36717E-1 2.13391E-1 1.03782E-1 4.85031E-2 4.1889E-2 3.89062E-2 3.99659E-2 4.12863E-2 4.11847E-2 3.80262E-2 4.26685E-2 7.50843E-2 1.29343E-1 3.9177E-2 6.41557E-2 4.46601E-2 3.65325E-2 2.66653E-2 5.30432E-2 1.19423E-1 1.6942E-1 2.5897E-2 8.33403E-3 8.87454E-3 4.46502E-3 6.99819E-3 7.58599E-3 5.55836E-3 7.30887E-3 9.26048E-3 1.01944E-2 1.08661E-2 1.20014E-2 1.21834E-2 1.3743E-2 1.18714E-2 1.28469E-2 1.28589E-2 1.28368E-2 1.31957E-2
2.84925E-1 2.49647E-1 2.31392E-1 2.26459E-1 2.28641E-1 2.55631E-1 3.05263E-1 3.18666E-1 2.70283E-1 2.14927E-1 2.37642E-1 2.41703E-1 2.35394E-1 2.57973E-1 2.33365E-1 2.15959E-1 1.21691E-1 8.97911E-2 1.11536E-1 2.1692E-1 3.95232E-1 4.14345E-1 3.04717E-1 1.461E-1 7.23754E-2 3.77832E-2 4.04596E-2 4.22461E-2 4.07033E-2 4.21037E-2 6.63262E-2 6.31908E-2 1.25196E-1 3.32815E-2 3.59976E-2 1.0858E-1 1.31838E-1 1.15461E-1 1.13507E-1 2.41003E-1 5.17049E-2 2.5052E-2 1.64611E-2 9.04302E-3 6.13381E-3 8.94677E-3 1.0023E-2 7.17974E-3 7.5884E-3 9.08112E-3 9.12526E-3 1.02215E-2 1.08903E-2 1.39763E-2 1.29024E-2 1.27868E-2 1.29559E-2 1.29153E-2 1.32003E-2 1.27546E-2
2.56131E-1 2.41643E-1 1.98493E-1 2.15021E-1 2.21401E-1 2.34961E-1 3.24962E-1 3.98481E-1 2.50278E-1 2.27078E-1 2.29053E-1 2.42163E-1 2.39073E-1 2.49764E-1 2.31547E-1 2.13552E-1 1.64272E-1 1.0864E-1 2.196E-1 1.97759E-1 4.06039E-1 2.66825E-1 4.1369E-1 3.57429E-1 2.46941E-1 1.02094E-1 5.56089E-2 4.34595E-2 3.91607E-2 4.75857E-2 3.48145E-2 3.28483E-2 5.10111E-2 6.1693E-2 4.18357E-2 3.43834E-2 3.34506E-2 7.08676E-2 7.80205E-2 8.1855E-2 6.30061E-2 4.06186E-2 2.32122E-2 9.78232E-3 6.2285E-3 9.38377E-3 1.0353E-2 8.18179E-3 7.28701E-3 7.94287E-3 8.68014E-3 8.53429E-3 7.41027E-3 9.3879E-3 1.24654E-2 1.18775E-2 1.18489E-2 1.18958E-2 1.15205E-2 1.20154E-2
2.42891E-1 2.34645E-1 1.65349E-1 1.66679E-1 2.20663E-1 2.39004E-1 3.10655E-1 3.42853E-1 2.71031E-1 2.34523E-1 2.1939E-1 2.39801E-1 2.25783E-1 2.35758E-1 2.44195E-1 2.04826E-1 1.73221E-1 1.83358E-1 2.49062E-1 3.35287E-1 3.94454E-1 4.41736E-1 4.63416E-1 3.92879E-1 3.17948E-1 2.54165E-1 1.43355E-1 4.70393E-2 3.66124E-2 3.24797E-2 3.09363E-2 3.6017E-2 6.01871E-2 3.8525E-2 3.05677E-2 3.24929E-2 3.3803E-2 4.19257E-2 5.42303E-2 2.79884E-2 2.27417E-2 2.27521E-2 1.5738E-2 8.97472E-3 6.9815E-3 9.16668E-3 1.20705E-2 8.8814E-3 5.22275E-3 7.22183E-3 7.78585E-3 8.34219E-3 7.17093E-3 6.78985E-3 8.06763E-3 1.1028E-2 1.10918E-2 9.50541E-3 1.24296E-2 1.20136E-2
2.43301E-1 2.32355E-1 2.10047E-1 1.86418E-1 2.12374E-1 2.16498E-1 2.94065E-1 3.41019E-1 3.34786E-1 2.5244E-1 2.11587E-1 2.18279E-1 2.23009E-1 2.38678E-1 2.5155E-1 2.2116E-1 1.5537E-1 2.7519E-1 3.09475E-1 2.65117E-1 3.15518E-1 4.34007E-1 4.46721E-1 3.91526E-1 3.70238E-1 2.97223E-1 1.43282E-1 4.74557E-2 2.69496E-2 2.80475E-2 3.06231E-2 3.68097E-2 2.98663E-2 2.30647E-2 2.72092E-2 2.66543E-2 2.72403E-2 5.98079E-2 3.55257E-2 2.09214E-2 1.68719E-2 1.7378E-2 1.40596E-2 1.24189E-2 8.19572E-3 8.86138E-3 1.30187E-2 7.3929E-3 5.04498E-3 6.43603E-3 7.65728E-3 8.23832E-3 8.11849E-3 6.91994E-3 5.98604E-3 8.71671E-3 9.00248E-3 1.079E-2 1.22367E-2 1.18056E-2
2.05141E-1 2.16936E-1 2.114E-1 1.91077E-1 1.99965E-1 2.2385E-1 2.65775E-1 3.36711E-1 3.3002E-1 2.62784E-1 2.17896E-1 1.88828E-1 2.06249E-1 2.29738E-1 2.45014E-1 2.24395E-1 2.20935E-1 3.26492E-1 1.81435E-1 1.3409E-1 2.57564E-1 4.36757E-1 4.43823E-1 3.73568E-1 3.52175E-1 3.18852E-1 2.32412E-1 1.18787E-1 3.85187E-2 2.97912E-2 3.02837E-2 2.64539E-2 2.24942E-2 2.22371E-2 2.67662E-2 2.71904E-2 4.05012E-2 4.84379E-2 2.70076E-2 1.62719E-2 1.50219E-2 1.33278E-2 1.23094E-2 1.25284E-2 1.34768E-2 1.45459E-2 1.35403E-2 5.80182E-3 5.80809E-3 7.49629E-3 7.47835E-3 7.68118E-3 7.40719E-3 5.61538E-3 5.59675E-3 8.07422E-3 8.41608E-3 8.76984E-3 1.16703E-2 1.20062E-2
1.9539E-1 1.86495E-1 2.07883E-1 1.85092E-1 2.18362E-1 2.31045E-1 2.94879E-1 3.42475E-1 3.27054E-1 2.70654E-1 2.18808E-1 1.3508E-1 1.69071E-1 2.36525E-1 2.51244E-1 2.22436E-1 3.8359E-1 2.11385E-1 1.65004E-1 9.59156E-2 2.55538E-1 3.99052E-1 3.9183E-1 3.8002E-1 3.57586E-1 2.95627E-1 2.55888E-1 2.14358E-1 9.19513E-2 4.79396E-2 2.81271E-2 1.82492E-2 1.76441E-2 2.11422E-2 2.58457E-2 3.24702E-2 3.12116E-2 2.6393E-2 1.91167E-2 1.65135E-2 1.53583E-2 1.41174E-2 1.37903E-2 1.41164E-2 1.55036E-2 1.50579E-2 1.28568E-2 4.24122E-3 7.3929E-3 7.25659E-3 8.67288E-3 6.9676E-3 6.35712E-3 4.38968E-3 6.34622E-3 7.55089E-3 8.64739E-3 8.70402E-3 1.10962E-2 1.1873E-2
1.95349E-1 1.8057E-1 1.80945E-1 1.72676E-1 2.03596E-1 2.31383E-1 3.25745E-1 3.35865E-1 3.43691E-1 2.86508E-1 2.33877E-1 1.823E-1 1.94414E-1 2.45763E-1 2.37244E-1 2.33392E-1 2.51285E-1 3.47013E-1 1.52623E-1 4.78612E-2 1.752E-1 3.49463E-1 4.0334E-1 3.77518E-1 3.06616E-1 2.92691E-1 2.68228E-1 2.00858E-1 1.54063E-1 1.103E-1 3.02899E-2 1.85646E-2 2.05421E-2 2.84903E-2 3.48441E-2 2.96209E-2 2.45512E-2 2.22974E-2 2.02281E-2 1.61103E-2 1.59229E-2 1.43409E-2 1.41134E-2 1.30099E-2 1.51995E-2 1.55926E-2 1.56325E-2 9.37225E-3 7.83534E-3 7.67275E-3 9.36013E-3 9.36262E-3 7.06789E-3 5.77018E-3 6.85556E-3 7.82391E-3 7.99052E-3 9.68011E-3 1.10025E-2 1.10603E-2
1.72525E-1 1.72552E-1 1.65867E-1 1.82816E-1 2.19132E-1 2.31692E-1 2.84508E-1 3.48474E-1 3.48956E-1 3.17743E-1 2.18166E-1 2.16894E-1 1.93787E-1 2.15157E-1 2.25827E-1 2.30683E-1 2.60677E-1 2.81596E-1 1.4219E-1 5.74568E-2 1.19843E-1 2.49747E-1 3.34131E-1 3.67846E-1 3.09354E-1 2.86991E-1 2.56051E-1 1.94551E-1 1.78201E-1 1.1266E-1 3.32855E-2 2.59499E-2 3.1236E-2 3.87731E-2 3.85025E-2 3.23402E-2 2.55457E-2 1.76143E-2 1.62089E-2 1.4674E-2 1.43914E-2 1.31488E-2 1.30962E-2 1.1622E-2 1.57246E-2 1.62347E-2 1.62274E-2 1.57256E-2 7.47392E-3 8.29947E-3 9.87163E-3 1.10386E-2 8.58725E-3 4.2276E-3 6.38217E-3 6.28585E-3 7.37585E-3 8.66616E-3 9.20988E-3 7.93119E-3
1.75041E-1 1.74686E-1 1.65091E-1 1.93074E-1 2.01649E-1 2.3241E-1 2.9644E-1 3.34538E-1 3.51042E-1 3.29064E-1 2.47906E-1 2.02255E-1 1.95722E-1 1.91539E-1 2.30737E-1 2.34998E-1 3.91579E-1 2.9025E-1 1.80096E-1 1.07434E-1 5.58607E-2 8.13098E-2 2.01742E-1 3.25577E-1 3.14028E-1 2.58626E-1 2.22348E-1 2.01848E-1 1.5996E-1 1.20462E-1 6.7073E-2 3.16008E-2 4.49661E-2 4.23185E-2 3.1129E-2 3.13217E-2 2.64496E-2 1.80428E-2 1.38717E-2 1.24274E-2 1.38706E-2 1.35547E-2 1.18916E-2 1.12496E-2 1.42341E-2 1.59548E-2 1.35003E-2 1.12956E-2 1.12323E-2 7.16917E-3 9.61078E-3 1.00547E-2 7.94325E-3 6.73041E-3 5.29072E-3 6.86039E-3 8.14848E-3 9.32078E-3 8.249E-3 8.86542E-3
